D (km),h1=1.5_h2=1000,h1=1.5_h2=10000,h1=1.5_h2=20000,h1=15_h2=1000,h1=15_h2=10000,h1=15_h2=20000,h1=30_h2=1000,h1=30_h2=10000,h1=30_h2=20000,h1=60_h2=1000,h1=60_h2=10000,h1=60_h2=20000,h1=1000_h2=1000,h1=1000_h2=10000,h1=1000_h2=20000,h1=10000_h2=1000,h1=10000_h2=10000,h1=10000_h2=20000,h1=20000_h2=1000,h1=20000_h2=10000,h1=20000_h2=20000
0,81.99749368232946,102.01217221069828,108.03505988451828,81.87925270681865,102.00043237467568,108.02919028789483,81.74595811269924,101.9873694872778,108.02266386394726,81.47307115609581,101.96118466572364,108.00959630273924,0.0,101.09801159581043,107.5898696703533,0.0,0.0,102.01185474435812,0.0,0.0,0.0
1,86.01920088469835,102.01218483555596,108.00855183985468,85.8575603212048,101.98051132723285,107.992628217929,85.67612130306135,101.94539910739024,107.974940675404,85.31913484235461,101.8748497622516,107.9395071776376,77.72973768504744,99.65725392874916,106.81937413018797,0.0,74.8441033613778,96.63309215928804,0.0,0.0,74.71413824024411
2,90.93832522980934,102.13682996286548,108.01359679001804,90.86738553672772,102.10606736071192,107.99774258050796,90.7818390805177,102.07147377653033,107.98010730998188,90.62614612672832,102.00255281647654,107.94485158597352,86.69217260036952,99.82854786495145,106.82978067908536,0.0,81.07473584148008,96.75869805316158,0.0,0.0,80.8690170953606
3,90.9081168176882,102.3789654483371,108.04939586468656,94.22892079455636,102.349275547953,108.03370032235186,94.19675973946164,102.31629703966443,108.016238567806,94.12726078601384,102.2496278142567,107.9812862986681,91.99125569615325,100.14652370339896,106.87615057126986,0.0,84.93029631963658,96.99490272455958,0.0,0.0,84.49455274724443
4,89.49562496747578,102.7258370286779,108.11590805020276,96.70769316703836,102.69733246235164,108.10047705137872,96.6874152370604,102.66578968167065,108.08314966280015,96.64385944134236,102.60343393853854,108.0486182304282,95.3297744698858,100.61257780915729,106.95819069835945,0.0,87.74301381896524,97.32394800458572,0.0,0.0,87.11618658160329
5,89.92974620450123,103.15975223978609,108.21253420971264,98.66076960640876,103.133413643609,108.19725107845083,98.6463073466982,103.10434761850247,108.18026662313363,98.61587724397752,103.0450194037339,108.14647816260128,97.7678820746157,101.18728660723744,107.07503633105767,0.0,90.02687906301345,97.73025469438448,0.0,0.0,89.23393258409888
6,91.09420325240968,103.650407444617,108.33834440897748,100.26769232265823,103.62837544566408,108.32345684158264,100.2562834487891,103.60290948348432,108.30664109427316,100.23166953529864,103.55185562835835,108.27324290340016,99.63998633665528,101.83637469930947,107.22492378891016,0.0,91.96520006203885,98.19762392038427,0.0,0.0,90.96523964333328
7,93.37138667975064,104.17908001174652,108.49136253582913,101.62606585980784,104.159251057313,108.47694889300432,101.6176577094876,104.13609314791788,108.46060711710972,101.5986300988277,104.08892229019482,108.42821547700495,101.12056372490832,102.53286500188533,107.40568660904717,0.0,93.65420147102036,98.70978778467686,0.0,0.0,92.45481374497965
8,95.54936771371996,104.7385637071914,108.67032676621668,102.80574829437346,104.7191333620726,108.6560590478244,102.7984438259134,104.6981658223264,108.64026637331104,102.78293130943248,104.65528049646086,108.60863339804636,102.38256214003982,103.25334445783238,107.61513592073848,0.0,95.17735645684508,99.25201040779788,0.0,0.0,93.78354011338104
9,97.50457383763182,105.31250426967031,108.8722396039161,103.84520011695362,105.29476571338655,108.85850533414272,103.83884315430096,105.27483157072048,108.8433217292264,103.82689455369912,105.23583320428747,108.81244789386548,103.48507791344278,103.98005864154834,107.85033319656996,0.0,96.5553403637641,99.84847119272088,0.0,0.0,94.982001963537
10,99.26795903955592,105.88973868294462,109.09527392237496,104.77438842615425,105.8745363201858,109.08211282228824,104.77051481161536,105.85624796800408,109.0675837857046,104.7590541354259,105.82066124260628,109.03796009551968,104.45968671620555,104.69795040964614,108.10850437291718,0.0,97.84098311928462,100.46149969498153,0.0,0.0,96.07197480048362
11,100.87536851429834,106.46333754175788,109.33388904494612,105.61494526528308,106.44948564725264,109.32180140470712,105.60959228749138,106.43258884097558,109.30909455479166,105.5986376029988,106.39990268251717,109.28121400480872,105.33742749437393,105.39201490896195,108.38603559298988,0.0,98.99433583160018,101.07583207936229,0.0,0.0,97.07493165014336
12,102.35151543332978,107.02646088713908,109.58088405698848,106.38235969649864,107.01373488037297,109.5696174687376,106.37744314532554,106.99862003117734,109.55695801168967,106.3672560130098,106.96897965008552,109.53158957361418,106.13342841275056,106.04815959312916,108.67965003972628,0.0,100.12855675404002,101.68549819235034,0.0,0.0,98.01814871531649
13,103.71890261309164,107.57674985132358,109.84099149743494,107.08684362677076,107.56356621458342,109.82993908756268,107.08277801134446,107.55010553347572,109.81788248610752,107.07281775389664,107.52314975754088,109.79372318797787,106.86268843998084,106.6794015107694,108.98674229643105,0.0,101.16699544850074,102.28512508147264,0.0,0.0,98.88331424997592
14,104.99084603421456,108.1092016197138,110.11138299318476,107.73992219064796,108.0981246074991,110.10120433657316,107.73534704920218,108.08547217883056,110.08938174549894,107.72564003935273,108.06014198185682,110.0660529135785,107.53449675782558,107.28579532301534,109.30395421728784,0.0,102.1213697612452,102.91962253132448,0.0,0.0,99.71471284115384
15,106.177723881044,108.6246358700046,110.39056160940537,108.34616873740242,108.6141223982611,110.38051894363932,108.34229335390611,108.60288180873798,110.36924916892772,108.33382883546484,108.57959661017962,110.34705725159549,108.16000858088678,107.86763524012616,109.62917651301498,0.0,103.04458704472556,103.54239691079805,0.0,0.0,100.50538409565324
16,107.29424943257472,109.12198484889204,110.6751622857978,108.91420378042848,109.11272894443805,110.66601572536402,108.90971591522693,109.1019966639764,110.65527715632663,108.90077677584009,109.08052853803667,110.63375736922936,108.74133446980944,108.42311193954188,109.95953262252316,0.0,103.93318542960604,104.14790439209682,0.0,0.0,101.24308680300744
17,108.34597158710704,109.60149228099866,110.9650422760508,109.44716370576492,109.59257646457002,110.95593033926264,109.4420906546647,109.58220917495356,110.94569654682414,109.43367606425234,109.56237023004128,110.92518926610946,109.28659268573097,108.95486068144972,110.28934638472867,0.0,104.76063336247694,104.73382681327504,0.0,0.0,101.93550688637632
18,109.3414110149182,110.06191554003824,111.25728034504674,109.94861291228044,110.05416756825171,111.24859423119528,109.9447000480195,110.04498075872458,111.2383586343373,109.9358255683852,110.02662162198732,111.21880236535443,109.7985143294298,109.46296544344888,110.6115563717256,0.0,105.52995192309824,105.30024489180477,0.0,0.0,102.63641089125622
19,110.2858499614511,110.4834188092656,111.55071911550704,110.4236772789951,110.49816639277674,111.54242924691164,110.41936895388886,110.49015049888553,111.53260782059394,110.41056454021272,110.47315304197151,111.5139389935356,110.28254267633632,109.94867985228578,110.9340564811149,0.0,106.24962036617094,105.85410728723218,0.0,0.0,103.2973656961224
20,111.1857631687355,110.77838201109792,111.84386830130396,110.87381401272654,110.9043714566206,111.83594377101588,110.86925947359164,110.89864540383329,111.82703496065318,110.86090159037172,110.88723215478316,111.8091867369891,110.71843065461208,110.4139991436728,111.25551814376138,0.0,106.93975252049016,106.43030668299714,0.0,0.0,103.92348558495291
21,112.04403761201958,110.9596967446478,112.13643848828109,111.301525597216,111.29357763333572,112.12884901339508,111.29679843941408,111.28831828513547,112.12031474173486,111.28807122527924,111.2768183553634,112.10321860738856,111.15234545309173,110.8589290138094,111.5747432040223,0.0,107.60889781678908,106.98700436768873,0.0,0.0,104.5166572295992
22,112.8631567636531,111.04878114245614,112.42668356589988,111.70927868272116,111.66881416697191,112.41939814222437,111.70437220471815,111.66401025445992,112.41179165771948,111.69525651865098,111.65391514873724,112.3953801050858,111.56450253155488,111.28609280742364,111.89002280165272,0.0,108.23951852219624,107.52261653530569,0.0,0.0,105.0931550398156
23,113.64963955864052,111.06227983713424,112.71466854919328,112.09614857371209,112.03144531647465,112.70765772315696,112.09412689119348,112.02709299558856,112.70038604178302,112.08444599947616,112.0173215647859,112.68459220906848,111.95814760001144,111.6952728022596,112.20228503006211,0.0,108.83466018157785,108.03774454146968,0.0,0.0,105.67876279259224
24,114.40578150563816,111.0130381768518,112.9994748206586,112.40819028889182,112.3822996757854,112.99303061240316,112.46654016546525,112.3772331957262,112.98574073730556,112.45658849032782,112.3683272847291,112.97050050736163,112.3341285069783,112.08889093770073,112.50945821045704,0.0,109.39710263453564,108.53510482121122,0.0,0.0,106.23718407413132
25,115.13235305069848,110.896127455651,113.28093096989583,112.6412125231308,112.72083875387484,113.27438442655624,112.82376348338096,112.7167952372088,113.26701810162066,112.8131125979458,112.7081627431996,113.25293985923297,112.69328757884146,112.4514510015047,112.8121952473178,0.0,109.93089678302914,109.01306929966955,0.0,0.0,106.77016461420229
26,115.83362548675258,110.68899108035257,113.55766286318335,112.809115227685,113.04860465141816,113.55200379833065,113.16593477865676,113.04438166868115,113.54485320138748,113.15530402269938,113.03663243933129,113.53123603192964,113.03795418505146,112.79426918598706,113.10924762139034,0.0,110.43805937603946,109.4747888731244,0.0,0.0,107.27968327097967
27,116.50938251859016,110.44121698725408,113.83043503586902,112.92259004347498,113.36565405972225,113.82497011963174,113.49547617667486,113.3618764252218,113.81836891440504,113.48357017417086,113.3543897649272,113.80515740936872,113.36959656547027,113.12567691168316,113.40162700004956,0.0,110.92087463666256,109.92395804716124,0.0,0.0,107.76807942382224
28,117.16430077614424,110.16385237565058,114.09880992328164,112.9903236731626,113.6729285710661,114.09351586646946,113.81187847527144,113.66961667074094,114.08709000065755,113.80004720514928,113.66238617313071,114.07460698466188,113.68935687323967,113.44610833587096,113.68789588191748,0.0,111.38173544000388,110.37682164699623,0.0,0.0,108.2363390616015
29,117.79656636356007,109.93565794570831,114.3624312173742,112.8612910311621,113.9709762839596,114.35728607901164,114.11703659544315,113.96745221265424,114.35139919079494,114.10469059322004,113.96117871124424,114.3392340760802,113.99628473789473,113.75550287094892,113.96856802404336,0.0,111.8153270472844,110.81279518815984,0.0,0.0,108.71532921749343
30,118.41091667395726,109.68708144078856,114.6218267352211,112.67117574620096,114.2602042794676,114.6164092654317,114.41155277881523,114.25680967022208,114.61066375591042,114.39905568993974,114.25082074203416,114.59917219837337,114.29358607475103,114.05528602642477,114.24350878366091,0.0,112.21972338137552,111.23330679992164,0.0,0.0,109.18704723721692
31,119.00806155388224,109.4426062624256,114.87605684539668,112.4409434883168,114.54082641187937,114.87114994397965,114.69620434666926,114.53794025467424,114.86552471018372,114.68337747799596,114.53149882701108,114.8542759266917,114.57950456102668,114.34608689233218,114.51309255787056,0.0,112.60849248548524,111.63973792794177,0.0,0.0,109.64153490840268
32,119.58795390548624,109.2825822921526,115.12544225517412,112.11447712120298,114.81319630635508,115.12062713947608,114.9718071468856,114.81046356105486,115.11552961764778,114.958316950236,114.80469242997196,115.10491162498144,114.85612041189948,114.62795805406438,114.77694619124496,0.0,112.98178900836392,112.03229751677104,0.0,0.0,110.07859113928872
33,120.15327360569442,109.11301181803712,115.37000102021032,111.74176796726454,115.07860663341832,115.36570156796108,115.2388691636358,115.07563850245964,115.36069903901893,115.22509277683388,115.07018120495292,115.3502600524187,115.12428169491037,114.90140775963076,115.03518047042476,0.0,113.339780471195,112.41115093326376,0.0,0.0,110.499855989863
34,120.70364419075948,108.97914597798253,115.61029021986842,111.35274413027062,115.33613775708682,115.60606396810276,115.49761024319292,115.33333046091316,115.6011392735911,115.48353212151976,115.32820765191585,115.59129868987272,115.3838891825271,115.16706863385656,115.28844966662518,0.0,113.68527939646708,112.77813404400446,0.0,0.0,110.90591605987171
35,121.2416517100444,108.89808624709698,115.84560694117232,111.02246321712406,115.58693907239252,115.84143960195972,115.7492186305782,115.58430402691144,115.83704308996022,115.73436324206833,115.57953824810345,115.82732830331848,115.63576729672072,115.425305134252,115.53563992349764,0.0,114.01824477995822,113.13277705313484,0.0,0.0,111.29818449381932
36,121.76557147142871,108.81339374938776,116.07173736889489,110.67357975931324,115.83149718088067,116.07254765648406,115.993331497274,115.82904678359556,116.06821116708382,115.97804004797352,115.8242319601538,116.0590719333383,115.87970966050136,115.67657283483156,115.77800648930376,0.0,114.33896981467822,113.4762933321474,0.0,0.0,111.67671413572852
37,122.27855470408036,108.7772012210982,116.26107900913428,110.39257631267353,116.0695233666327,116.29540355972054,116.23096441289964,116.06727161249604,116.29205972298266,116.21468913960568,116.06241261716094,116.28562382639352,116.11652315506424,115.9210047996658,116.0154873222766,0.0,114.64932883119792,113.80872770014328,0.0,0.0,112.04260387860376
38,122.7801811150815,108.76461320584148,116.41391491310608,110.15290260752592,116.30166051885163,116.5044700366418,116.46145226367064,116.299167628641,116.50159749638593,116.44495355532428,116.294724799108,116.49539861658376,116.34754580825016,116.15879037606784,116.2475457695078,0.0,114.94881883262698,114.13125874539632,0.0,0.0,112.39688031574116
39,123.27216845727892,108.7519714836004,116.5337018759527,109.92531441049626,116.52820116621358,116.70999840307306,116.68646875589896,116.52592532578548,116.70688006032616,116.6686712029262,116.521463357059,116.701154930659,116.57205646711772,116.39105114988894,116.47519651405916,0.0,115.23955115322131,114.44389327042389,0.0,0.0,112.75623961609917
40,123.75330205931115,108.782828117083,116.62409965999088,109.78616512929756,116.7490321101102,116.91174536971168,116.90524392164052,116.74698971028572,116.90860983102178,116.88664455286758,116.74299446898392,116.90286431542256,116.78997467787114,116.61726255915924,116.69771922190806,0.0,115.52034749089016,114.7477906190412,0.0,0.0,113.1067577296424
41,124.22561233227094,108.82490340509716,116.6878891274857,109.64393754671327,116.96504614150052,117.10948074868593,117.11844873350834,116.96276501495647,117.10683277877898,117.09930851203048,116.95878250754052,117.10130628002702,117.00207673352314,116.837795758614,116.91599241424764,0.0,115.79301700686511,115.03430697335912,0.0,0.0,113.44597964546551
42,124.68916631198186,108.86883102092094,116.72789935294476,109.56448723719332,117.17575547564606,117.30430292926208,117.32634733860324,117.17373034277016,117.3016337511247,117.3061945742336,117.17002122199436,117.29632275605312,117.20955572493476,117.05308604847372,117.12961154471483,0.0,116.05737640763569,115.31012136563396,0.0,0.0,113.774920189752
43,125.14410146900468,108.93905941392268,116.74640579114778,109.50696498891368,117.38168115751802,117.49529666802285,117.52843518944896,117.37992977762362,117.49259893704162,117.5083161161394,117.37651801344724,117.48750116435735,117.4117438334055,117.2636342926168,117.32835721561965,0.0,116.3139766761251,115.57814725846782,0.0,0.0,114.09442109275209
44,125.59181134217978,109.02279848509896,116.74542070805698,109.46603405634852,117.58342165422836,117.6828640741881,117.70309053998828,117.58170055507507,117.68040625993672,117.70553094399924,117.57808946785045,117.67552028870296,117.60840911342902,117.469277329083,117.52162650972998,0.0,116.56359066684284,115.83947703439507,0.0,0.0,114.40405310780804
45,126.03145882597735,109.1091672334173,116.7267629026074,109.47413032179092,117.78058518768732,117.86719143953904,117.84533680321458,117.7789018477023,117.86469805175987,117.89796795154687,117.77562746441136,117.860023535445,117.80068231963874,117.6703568433486,117.71102066764593,0.0,116.80679812480165,116.09375475181308,0.0,0.0,114.70533666571065
46,126.46527146141712,109.1989341167084,116.69207518433596,109.4865825776234,117.9738600163327,118.04821862681491,117.95822257903738,117.97194922438015,118.04597144314783,118.0860508089352,117.9687659450517,118.04122118433008,117.98856666270476,117.86675601739424,117.89704236905298,0.0,117.04277267467366,116.34148983392394,0.0,0.0,114.99778539131204
47,126.8925626450866,109.31174816584102,116.64287400888362,109.52568840283884,118.16262235838462,118.2261964754381,118.04457331006422,118.16103753479398,118.22420230326496,118.26972166323628,118.15768352856738,118.2196588887676,118.1715805174998,118.05940245209604,118.0799658276986,0.0,117.27327481765047,116.58289909904768,0.0,0.0,115.28243858350712
48,127.31332699764212,109.42791865921694,116.56364511942613,109.58944938861497,118.34792079526068,118.40111794538235,118.10688831109633,118.34611354428904,118.39908393994872,118.44920853474818,118.34316029678632,118.39474948811672,118.35045539888785,118.24773213296751,118.25951331258972,0.0,117.49738428124247,116.81849822092292,0.0,0.0,115.55922975049693
49,127.7288243504875,109.54721642917411,116.4566146034192,109.66019578776472,118.52916988921812,118.57330017556936,118.14703322335852,118.52771642979596,118.57091532829992,118.62504744169186,118.52490278269362,118.56679253699092,118.52594503081036,118.43222705673736,118.43570150823652,0.0,117.71613362912018,117.0482049207513,0.0,0.0,115.82842687690396
50,128.13910412675386,109.66960576031306,116.3372186622545,109.7445748386171,118.70722999872169,118.74216610382742,118.1668531936621,118.7058548989238,118.74035063154447,118.796986604913,118.70260961120508,118.73613039963028,118.69773561730356,118.6128736924073,118.6088704262309,0.0,117.929458900178,117.27253914055107,0.0,0.0,116.09116333810516
51,128.54359517017457,109.7955699983572,116.20704457040262,109.85278607817608,118.88153974275592,118.90870081029964,118.16781669718246,118.88025228800949,118.90651970328356,118.96505623370908,118.87717096495736,118.90251212178228,118.86494451804724,118.79022856162317,118.77908745825768,0.0,118.13771296647528,117.49172359798256,0.0,0.0,116.34686077700808
52,128.9438252091536,109.92664266859408,116.06634802587776,109.96807885876969,119.05273418615988,119.07203425137708,118.05046565441845,119.05123726210832,119.0701205364173,119.12987735985662,119.0486434790564,119.06632987906204,119.02922250131242,118.96404994066918,118.94611929680671,0.0,118.34151588636006,117.7056717646352,0.0,0.0,116.59616932510232
53,129.3400357195085,110.06935557045676,115.9166922274531,110.09062368029032,119.2205733285698,119.23289594619982,117.89496021039592,119.21917682861418,119.23092753691472,119.29124490695786,119.21647823461409,119.22735875247528,119.1902477496214,119.13437842443206,119.11069861662588,0.0,118.53237970309311,117.91491750583316,0.0,0.0,116.83924655117583
54,129.73177221689917,110.21306013802152,115.77806240174424,110.22123089132648,119.38544639752514,119.39124187950272,117.71656530601363,119.38415961063568,119.38938367919424,119.44924868233156,119.38167987282571,119.3857054985377,119.34741567916376,119.30156243409732,119.27230397780512,0.0,118.71470914376684,118.11969235972856,0.0,0.0,117.07662079956688
55,130.11931413089437,110.35793188379944,115.65538145022964,110.35909967704816,119.54745873340208,119.5470357393464,117.51669160539277,119.54629108808447,119.54529065185427,119.60399417597904,119.5437271569306,119.54149670918034,119.50198849818835,119.4656860412366,119.43139179050236,0.0,118.8930157496422,118.3195928981513,0.0,0.0,117.30842970131326
56,130.5037516792363,110.53011413318758,115.52659632630152,110.50411748819924,119.7064044147958,119.70024919811723,117.27560840594391,119.70536584369113,119.69844596825496,119.75590544527093,119.70272646627788,119.69522753390272,119.65337618151334,119.62684813816628,119.587778248647,0.0,119.067691482468,118.51548838887828,0.0,0.0,117.52948697930591
57,130.8794924887593,110.81191644625753,115.39239562786722,110.65723743333824,119.86274105138894,119.8512171271102,116.9824065579002,119.86150755583724,119.8497077333966,119.90482337888444,119.85913442372244,119.84601936308148,119.80136900513094,119.78516278474169,119.74162187215222,0.0,119.23932649064052,118.7076256029457,0.0,0.0,117.74224691588208
58,131.23879659365835,111.09266722410108,115.25291552287808,110.96296352602538,120.01628711422477,119.99976553574162,116.66890328218886,120.01519683077268,119.99819862626188,120.05058913019909,120.01277086057084,119.99492477489538,119.94699302416564,119.9407595216948,119.8931000343159,0.0,119.4069757659122,118.89527254933512,0.0,0.0,117.95037104373095
59,131.59633557158193,111.37179071892402,115.11212169150056,111.31649563377466,120.16720218294596,120.14608402461248,116.33674884737977,120.16626515507916,120.14464057313636,120.19398609305112,120.16379538678584,120.14124436139365,120.08988470174812,120.09378365433186,120.0420516654781,0.0,119.57198398825756,119.07932541946616,0.0,0.0,118.1541352722521
60,131.951300188688,111.6469389444934,115.02725444236847,111.66860369132564,120.3156641733086,120.29038307779368,116.03541748915104,120.31454038550916,120.28869385361902,120.33441263277332,120.31238583028517,120.28572966504326,120.22998401124632,120.2439110509546,120.18903862492112,0.0,119.73352782898884,119.26004250508043,0.0,0.0,118.3533234171427
61,132.30526340760431,111.91839799408416,114.93922437449164,112.0185464471444,120.46186952100048,120.43232564053042,115.74029308356872,120.46073572653016,120.4307614507444,120.47220905907086,120.45856114371183,120.42767499751749,120.367511891297,120.39178986815874,120.33355850205832,0.0,119.8927000274782,119.4366778624482,0.0,0.0,118.54841735885644
62,132.65705916947158,112.18650450075468,114.84840970604036,112.36800227190233,120.60549128667064,120.572329870981,115.43154232446966,120.6045330100047,120.57089462383124,120.60773674637711,120.6023479983224,120.56787396703848,120.50217659582177,120.5371138466038,120.4758321673588,0.0,120.04828287728893,119.61015910944292,0.0,0.0,118.7395296818926
63,133.00712884895054,112.45094945201345,114.75517024410132,112.71545469711371,120.74692234475734,120.71006519020986,115.14999095257386,120.74596657946036,120.7087630741604,120.74039606149428,120.74378098404571,120.705810583019,120.63472975386227,120.6800714291361,120.6161001765571,0.0,120.20156120717972,119.78041623487786,0.0,0.0,118.9268368854934
64,133.35510971682697,112.71176759580187,114.65970635024546,113.0614143774982,120.88621323051144,120.8461789903962,114.92322458655362,120.8850789206873,120.8448156340879,120.8710551385358,120.88327358256808,120.8417353302424,120.76497208316644,120.82069620932972,120.7542374145725,0.0,120.35178588912368,119.94772226417328,0.0,0.0,119.11044239083886
65,133.7023801220859,112.9693680914122,114.60934498182456,113.4064532394516,121.0232339454244,120.98015522976743,114.6884951634161,121.0222979690338,120.97872905280258,120.9991207637156,121.02032862965795,120.9759201371384,120.89268113932538,120.95937725801647,120.89031187128482,0.0,120.49991585762238,120.11166006642856,0.0,0.0,119.290208673421
66,134.0477643882536,113.2242029700525,114.56446982798978,113.75075865100412,121.15823515782247,121.11226955812792,114.47451358620626,121.15731658546892,121.11098332379908,121.12499093527762,121.15537893687214,121.10804601087546,121.01862824791196,121.09582413174428,121.024400416066,0.0,120.64522522019392,120.27285520004293,0.0,0.0,119.46686182014976
67,134.39182920581487,113.47529541294156,114.51834180396268,114.0945456277406,121.29129269011554,121.24240450276768,114.32003084057553,121.2903964966926,121.24126273800702,121.24857386689412,121.28850041620736,121.23860840680445,121.14198754737706,121.23009231587136,121.15678999099062,0.0,120.78826697393404,120.4310655875296,0.0,0.0,119.63995001990632
68,134.73427380230365,113.7238596714241,114.47119404387708,114.43712369791484,121.42229414329992,121.37107172913196,114.16275138669458,121.42142556752168,121.36965827615911,121.37012042923234,121.41958146210018,121.36708600070564,121.2634393657168,121.3624264267542,121.28717615640352,0.0,120.9291494401803,120.58657874838858,0.0,0.0,119.80987976529028
69,135.0757311097169,113.96892145995056,114.4233339665896,114.77966129582526,121.55152431919144,121.49774991446688,114.02766854660662,121.5504890321587,121.49648411885848,121.4893770256793,121.54870731462154,121.49399700350574,121.3829672981444,121.49272062472517,121.4158613522582,0.0,121.06719495967486,120.73933003413032,0.0,0.0,119.97654155748324
70,135.41593468795574,114.21177045763982,114.40303679434936,115.1210012753844,121.67868087936694,121.62275743468682,113.93935508756648,121.6778829890168,121.6216439568434,121.6067794627992,121.67617351999344,121.61902943436542,121.50035311395403,121.62123995267906,121.54254016906428,0.0,121.2035491439664,120.88961787710775,0.0,0.0,120.14025926195524
71,135.75509843158383,114.45104380070336,114.39441359645902,115.4628793832106,121.80426873827388,121.74621538872124,113.8526313611058,121.80330921627288,121.74503979133966,121.72182794029716,121.80168282432535,121.74251453380508,121.61598005108723,121.74807828018471,121.66774310939331,0.0,121.33759584238813,121.0375669305507,0.0,0.0,120.30100666641576
72,136.09296745981936,114.68808929021662,114.38548688201786,115.80464886563868,121.927992902027,121.86803289835764,113.79030241963082,121.92707913905254,121.86679410212896,121.82230684951844,121.92554603680274,121.8645836404161,121.7296368441369,121.87276355041756,121.79117249190732,0.0,121.46978691483103,121.18274820436548,0.0,0.0,120.45908306897124
73,136.42978442561,114.92192249083956,114.3764358207415,116.14613174222272,122.05017688668951,121.9883426892074,113.76118260833744,122.04931396144138,121.98703963104803,121.89981982176806,122.0474654148214,121.9847040462586,121.84145532188116,121.99596503099778,121.9129534349575,0.0,121.59970995844004,121.3258434326197,0.0,0.0,120.61448842522786
74,136.76581910120925,115.15355798471003,114.3674535617718,116.4876703327458,122.17052539755622,122.10705976892832,113.73750865025372,122.16971885382092,122.10591943043924,121.95585161780028,122.16797940273754,122.1034565918212,121.9510694848251,122.1174085161896,122.0332206419784,0.0,121.72771664916338,121.46661220836872,0.0,0.0,120.76711681222594
75,137.10032962085774,115.38241453425788,114.36835764303972,116.82964191455916,122.28916224448088,122.2240978012122,113.73413829735004,122.2884175417018,122.2231252190524,121.99145902888544,122.28679803682462,122.22076407140445,122.05978129522848,122.23720580601848,122.15189524428698,0.0,121.85415719639364,121.60268402809122,0.0,0.0,120.91737472052648
76,137.4346474260814,115.60872795361104,114.38824128274146,117.17190915367571,122.4064386838591,122.33983696822288,113.75727274058178,122.40576090315052,122.33880327306188,122.00762857737796,122.40405414690782,122.33654799025688,122.16601450688188,122.35547702624154,122.26912301984449,0.0,121.9784303331012,121.73049955418048,0.0,0.0,121.06482229606983
77,137.7675183023092,115.832326899897,114.40831295289716,117.51488998831196,122.52206355554662,122.45420599845072,113.78796741175734,122.52145821942626,122.4531103467928,122.00527253765856,122.51988986218628,122.4509650573628,122.27135428337468,122.4719438147164,122.38460208026082,0.0,122.10118089869752,121.85626857586804,0.0,0.0,121.21012669501609
78,138.0997941598852,116.0539053465935,114.42879768804936,117.8584667241932,122.6364042010026,122.56713246050572,113.82729864271327,122.63565334340466,122.56597411474787,121.98518099360994,122.63401161991786,122.5639431452331,122.37439192972988,122.58714031050695,122.4989441841784,0.0,122.22223231482036,121.98048208389928,0.0,0.0,121.35294733901956
79,138.4312840973016,116.27288217855347,114.44979377016962,118.2025143872539,122.74916989274416,122.67854283485526,113.89321243742094,122.74827385163395,122.677563647525,121.9479496560637,122.74678971674564,122.67540903608872,122.47646740729304,122.7007954220507,122.6118561122807,0.0,122.3414378001804,122.10290818357102,0.0,0.0,121.49369207125818
80,138.76179373722667,116.4899879518198,114.47148383840806,118.54809864206734,122.86051564010155,122.78885362333784,113.96650760894896,122.85970291708196,122.7878132053726,121.81596692302364,122.85815885477528,122.78577870353008,122.57629861269612,122.81283797996944,122.72326953207576,0.0,122.45917031665854,122.22349402942967,0.0,0.0,121.63226083381672
81,139.09169298358154,116.70464237201186,114.50366189582064,118.89454220649073,122.97037476261744,122.89775828974864,114.04735712010068,122.9696509174699,122.89665606164162,121.63652725761833,122.96828307420576,122.89474628227308,122.67543690384994,122.92362190334896,122.83335476414236,0.0,122.5752792074932,122.34256345915313,0.0,0.0,121.76837814480652
82,139.42080515104402,116.91669684268676,114.54556305591696,119.24173483489724,123.07891347571164,123.00518908738358,114.13589093237678,123.07828390310874,123.00427572722616,121.43287564963772,123.07687013115954,123.0022442956894,122.77230122443106,123.03308842074934,122.94204970527244,0.0,122.68964158052508,122.46007153610854,0.0,0.0,121.90273140885176
83,139.74953401154107,117.12692870587856,114.58817073691768,119.59083490823063,123.18630751226983,123.11158578154834,114.2317471230786,123.18554139447744,123.11061232991824,121.20542215827336,123.1842052305774,123.10871190468944,122.86836324853336,123.1411778220846,123.04953644930366,0.0,122.80260219244914,122.57597219976296,0.0,0.0,122.0351453591476
84,140.07713023374893,117.33522081135617,114.6314683544643,119.94114430752096,123.2922642982997,123.21676769003466,114.34021812950358,123.29160073711364,123.21586207388216,120.95541906155454,123.2902312231468,123.21384055701964,122.96252748981532,123.24782951884283,123.15575927730336,0.0,122.91430160497424,122.69041250089003,0.0,0.0,122.16536942768542
85,140.40460731827676,117.5414539901662,114.67558187678586,120.29256838638932,123.39696318862347,123.3206775305055,114.45419559704564,123.39640763774658,123.3197122739786,120.63251914853004,123.39501048923783,123.31782839012446,123.05596569776358,123.35342730936412,123.26091218653488,0.0,123.02424478580986,122.80334949728832,0.0,0.0,122.2937502989684
86,140.73061279746543,117.74550701342352,114.72069515039834,120.64636501002153,123.50059310357236,123.42352007330176,114.73410874584158,123.4999070964318,123.42262597966916,120.28339966776026,123.49860981708474,123.4207530668146,123.14762559102697,123.45758580616746,123.36469270771256,0.0,123.13315464428892,122.9147392706741,0.0,0.0,122.42028372982368
87,141.056801663975,117.94753846901897,114.76687955615726,121.00181199077689,123.60220987098474,123.5251123193901,115.06876726507504,123.60098224183513,123.524291874519,119.91121210320289,123.5983707297795,123.52243202445604,123.2381380435834,123.56058667643111,123.46729871763591,0.0,123.24052635564097,123.02493584276046,0.0,0.0,122.545076816914
88,141.38243201119673,118.14760486537536,114.82074224421628,121.35882896247442,123.70328907786192,123.62566765322492,115.40628651949488,123.7021669402548,123.62465487758632,119.5359695620246,123.69951421678756,123.62294435596534,123.32710728606456,123.66249538929335,123.5686795333678,0.0,123.34657117039195,123.13350159988894,0.0,0.0,122.66812663354824
89,141.70735912463144,118.34588434134356,114.87989359078804,121.71805042678928,123.80339939892106,123.72500315003568,115.74643178030767,123.80213644910594,123.72420171702004,119.19140404912494,123.79944801399728,123.7223742022044,123.41502849016636,123.763149383072,123.6690451724271,0.0,123.45126480368263,123.24099879546208,0.0,0.0,122.78942840399242
90,142.0314369277646,118.5425284705862,114.9398026086198,122.07941736659056,123.9022444081881,123.82334090593882,116.08912444810814,123.90096788802953,123.82248203201092,118.82883088242812,123.89837562529736,123.82081076439148,123.50175965616464,123.86249795514352,123.76835171710886,0.0,123.5548531523296,123.34698641452007,0.0,0.0,122.90909423376534
91,142.35580782594593,118.73718720481358,115.00065679401844,122.44285576755378,124.00003035650984,123.92063672976164,116.43501099377475,123.99874289323196,123.9198585250166,118.4643840795084,123.99599896892394,123.91807173486464,123.58707787711016,123.96096338134156,123.86655461642754,0.0,123.6572829201793,123.45183449218084,0.0,0.0,123.0271210156256
92,142.679064210644,118.93001493793965,115.06238444064128,122.80905068087792,124.09671390838912,124.01684585386464,116.78367134951942,124.09541822838986,124.01615086986456,118.18168311864646,124.0927835900414,124.01452738995236,123.67172617567785,124.0582687659164,123.96360871980806,0.0,123.75807856181974,123.55530170712578,0.0,0.0,123.14368968816127
93,143.00171682296946,119.1211765466881,115.1250779999765,123.17754268759874,124.19251290699202,124.11220570986006,117.13502326998294,124.19108082310754,124.11131380925404,117.88870980597764,124.188432923533,124.10971771528313,123.75472840241775,124.15461021792365,124.05974046876491,0.0,123.85807678667015,123.6577690085801,0.0,0.0,123.25875535962729
94,143.32430578677233,119.31084746177112,115.18873348121464,123.54862469904928,124.2871264422887,124.20639338562825,117.48936676024948,124.2856902644229,124.20558697341896,117.6199048905588,124.28303451170495,124.2040204051352,123.8367135687568,124.2497050677552,124.15491166215044,0.0,123.95694417117237,123.75878369163446,0.0,0.0,123.37225254840536
95,143.64672561807058,119.49867781460448,115.25343593574124,123.92176378133176,124.38077647424768,124.29965095328436,117.84702588094878,124.37933883574298,124.29893256844936,117.41244826243005,124.37668043774086,124.2973977656668,123.91752957654664,124.34399923339484,124.24894480645632,0.0,124.05464389387606,123.8589460277268,0.0,0.0,123.48423978135489
96,143.9681879232072,119.68484632600712,115.31916751348618,124.29720164422504,124.47342539693902,124.3920856918264,118.2075155263212,124.47198901595624,124.39131231706554,117.20360386379234,124.46919937909765,124.38981161853722,123.9972733526278,124.39859823885604,124.34207685455556,0.0,124.15129611408366,123.95780028935224,0.0,0.0,123.5948399170174
97,144.2892536752261,119.86954249397884,115.38589816819754,124.6756036104573,124.56503522354696,124.48351603082892,118.57199683379984,124.56373848722043,124.48268748558446,117.0510869576946,124.56095550623748,124.48122332765745,124.07619232941968,124.48996974068812,124.4342721127099,0.0,124.24671313988549,124.05552729312372,0.0,0.0,123.7040302331235
98,144.6101647363571,120.0526895706693,115.4536983477622,125.05588115319134,124.65584163359482,124.57390275461456,118.939108718399,124.65441586160226,124.57316723088556,116.92221450369333,124.65164524029804,124.57174196739447,124.153711412917,124.58042223664653,124.5254944260962,0.0,124.34114648618178,124.15209550755276,0.0,0.0,123.81194018024944
99,144.93047317351622,120.23420966390262,115.52792743387604,125.43861029826888,124.74553684811256,124.66350586157272,119.30957653926713,124.74425861788212,124.6628658984771,116.81438513656144,124.7415054292844,124.6613322547126,124.23033532884652,124.66979551467904,124.6158513050991,0.0,124.43457270435331,124.2478038682524,0.0,0.0,123.9184356841624
100,145.25078408953925,120.4143067235,115.60308627070444,125.8229719773636,124.8345002444701,124.75229373273078,119.68326029768876,124.8330959275492,124.7516007929046,116.75326612486586,124.83036578350944,124.75010943884156,124.30591433218817,124.75843488418616,124.70516430276687,0.0,124.52711436862384,124.34229411916952,0.0,0.0,124.02364687537136
101,145.57029397457558,120.59290964344795,115.67865125142146,126.20894524837531,124.92256285074272,124.8400817609971,120.06045235119844,124.9211731848342,124.83933576391352,116.70169226517474,124.91833097711245,124.8378893170342,124.3804712290556,124.84605521898024,124.7936895359545,0.0,124.6185876876494,124.4358695299697,0.0,0.0,124.12396907689316
102,145.89006557703962,120.770235204561,115.7545700560488,126.5959373490532,125.00969240947305,124.92714137667984,120.4404783311618,125.00832016688358,124.92634210165215,116.69029406177852,125.00551023687493,124.92494288907996,124.4543657618501,124.93275159276487,124.88139718713045,0.0,124.70885175454056,124.52850456271642,0.0,0.0,124.22008946251216
103,146.20886551493476,120.94592731983929,115.8309226053448,126.98319836654495,125.09599947882612,125.01328865227804,120.82355113496472,125.09464729409956,125.01259129646756,116.69459709767992,125.09173238634374,125.0112417191572,124.52693263502042,125.01862321285073,124.9682570650638,0.0,124.79841071934965,124.62005931961636,0.0,0.0,124.31519737192316
104,146.5280606830226,121.12020682298449,115.90765371453526,127.35891095279696,125.18145489365128,125.0986473016364,121.20935733649596,125.18012546244456,125.09805449631378,116.7168151879328,125.17710851877229,125.09660055102006,124.5986708103363,125.10364141484166,125.05423862298368,0.0,124.88712635993696,124.71084909264196,0.0,0.0,124.40929111474262
105,146.84646963410637,121.2933055945945,115.98470270113825,127.69158730315088,125.2661747226504,125.18318811570762,121.59750465979604,125.26472531693464,125.18254447336166,116.76277946668424,125.26175427003848,125.18114399456348,124.66968505213536,125.18777726390655,125.13946302777988,0.0,124.974811803588,124.80050531118896,0.0,0.0,124.50223576872516
106,147.1643803381956,121.46486472853688,116.1100219178449,128.0244546552354,125.349986224071,125.26704110455458,121.9880349255356,125.3485637404281,125.26634646334168,116.81802683521498,125.3454977074838,125.26500187578176,124.73944879582692,125.27113575045752,125.22374966176773,0.0,125.06176106954734,124.88923121898677,0.0,0.0,124.59429277904675
107,147.48247888226413,121.63542434825776,116.2619127169614,128.356614740102,125.43300739754488,125.35001969300954,122.3798463797484,125.43161449976016,125.34927402567564,116.88788356371442,125.4286036112162,125.34798801578742,124.8084171902236,125.35355545891083,125.30737638019816,0.0,125.1477878288742,124.97723683115188,0.0,0.0,124.68534825599691
108,147.79994189946012,121.80462683028342,116.41341850995175,128.68844207130277,125.51536078960072,125.43225607342052,122.7727616815432,125.51385114461134,125.43162146717198,116.97340038554027,125.51075237329336,125.43023441456104,124.87681967481755,125.43527943900044,125.39016327003688,0.0,125.23286493596412,125.0642654265058,0.0,0.0,124.77545958907656
109,148.1170863047539,121.97241167082764,116.56503490161562,129.02033702290782,125.59687300783727,125.5137240196422,123.16593445755048,125.5953970403085,125.51303961513764,117.06425166612485,125.59221308918002,125.51187828818622,124.94401630957016,125.51628433387827,125.4722394919906,0.0,125.317173082167,125.15041059506352,0.0,0.0,124.86462630285226
110,148.43424715349948,122.13934366524587,116.71656227305344,129.35137594652792,125.67766856127504,125.5945620632532,123.5583429217312,125.6760776887716,125.59382773731362,117.40825723545292,125.672962554949,125.59256792392624,125.0103698984572,125.59640807270864,125.5535805584891,0.0,125.40048334327368,125.23576916825802,0.0,0.0,124.95284710796304
111,148.75098561569197,122.3047467896031,116.86665822662896,129.6824161939131,125.75757132647924,125.67458119323484,123.94933277666244,125.75601843866724,125.67396323516272,117.77721096318308,125.75297737421202,125.67277081407332,125.07610384794596,125.67590279284066,125.6341617148092,0.0,125.48322800351278,125.32019908460153,0.0,0.0,125.0402802237544
112,149.06725299709373,122.46887731081024,117.01609597805772,130.0129792718306,125.8370153048822,125.75392218908124,124.336900229329,125.83534914471808,125.75325562423475,118.15459885699008,125.83223397348328,125.752133388712,125.14105595198168,125.75446647640072,125.71395795302008,0.0,125.56509166973332,125.4039202911423,0.0,0.0,125.12671167305348
113,149.38341053700162,122.6323249632494,117.16451367098936,130.3430342812984,125.9155188886106,125.832561950506,124.719921373642,125.91389478285348,125.83201574713016,118.53693368357096,125.91070861830067,125.83079734280862,125.20496185518522,125.832496874014,125.79310655432432,0.0,125.64630668582606,125.48679099781724,0.0,0.0,125.2123199705467
114,149.6990259919117,122.79407741043514,117.31373415547,130.6730298830052,125.99352274096638,125.91057000723131,125.09586954594192,125.99178720253056,125.90997739676808,118.9230789754792,125.98868819432867,125.90883519633314,125.26806480198104,125.90969054959386,125.8717469022145,0.0,125.7267675226498,125.56904107439937,0.0,0.0,125.29710944620716
115,150.01489615122784,122.95505418543546,117.46460319703624,131.0024789267825,126.07069519358872,125.9881405712629,125.46307596233083,126.06900573919307,125.9875010351472,119.31191981851244,126.06584250714624,125.98643727609576,125.33058156445638,125.98616685631396,125.9498166465871,0.0,125.80636573631834,125.65066444451335,0.0,0.0,125.38110400393518
116,150.32977990991128,123.1148857989794,117.61787047670086,131.33185086468436,126.1471702999616,126.0650999700201,125.8190204466594,126.14552958259478,126.06458789512612,119.70282282451151,126.14230506866949,126.06343254169968,125.39211480460564,126.0620492165935,126.02736518275375,0.0,125.88516536723564,125.7316764596431,0.0,0.0,125.46424275022352
117,150.6449217238899,123.27352427840792,117.7748170301682,131.6606514096595,126.223086576684,126.14179282978564,126.1609219285272,126.22149705791033,126.14123622032284,120.09633271486211,126.2180550250446,126.14007818715469,125.4530708727496,126.13717329872156,126.1046667213757,0.0,125.9636177369171,125.81229673398482,0.0,0.0,125.5465748088245
118,150.95950898829253,123.43125816569533,117.9386614490472,131.98937095302074,126.29826570018096,126.218286810097,126.49194080267796,126.29673010468048,126.21768624319124,120.49036834032412,126.29323134128754,126.21652919126493,125.51312260732172,126.2116643320184,126.18174108098624,0.0,126.04111396664216,125.89268990692348,0.0,0.0,125.62822169931498
119,151.27357216859608,123.58804742090264,118.1273028365271,132.3175059420238,126.37292909816868,126.29475456261795,126.83617561802627,126.37120753703086,126.29429337709404,120.88461442770851,126.36781631501609,126.29314232479976,125.57263810200035,126.28550360234006,126.2590800382622,0.0,126.1178400087579,125.97299806642678,0.0,0.0,125.70894462248314
120,151.58759955091824,123.74380073529476,118.34071499527684,132.64556726054678,126.4468305646131,126.371808642551,127.17991711655742,126.44524836575457,126.37129600723765,121.27865470339457,126.44180806541246,126.37013248496352,125.63141708360854,126.35871942103196,126.3360902524172,0.0,126.19395583434132,126.053929682641,0.0,0.0,125.788933046918
121,151.90125042860024,123.9016942388892,118.5117952321688,132.97303898715694,126.52040179992886,126.44658714219854,127.52367479157336,126.51863433983092,126.4460302900156,121.67127122670142,126.51514815871305,126.44495972014288,125.68923413817409,126.43137768332063,126.41146568029356,0.0,126.26944449484172,126.13237844247936,0.0,0.0,125.86838141952248
122,152.2142011831276,124.060479581827,118.68527076707596,133.30045132728122,126.59342253317904,126.5210511328472,127.8668168024674,126.59163443271086,126.52044991991212,122.06039818146148,126.58810535844424,126.51947592484552,125.74643367835286,126.50359273771365,126.48641205238528,0.0,126.34419719609014,126.21048733729934,0.0,0.0,125.94685700431472
123,152.52705392998,124.22125588760596,118.86143469980811,133.62782159230682,126.6660200328662,126.59512434826414,128.21045955798076,126.66412941155136,126.59457231965372,122.445143372188,126.6605612761576,126.5935116665665,125.80305259374076,126.57541941165532,126.56103508129046,0.0,126.41837917856893,126.28806306417364,0.0,0.0,126.02476450899586
124,152.83912149757248,124.390938695386,119.04009613039648,133.95460777077255,126.73819295076449,126.66892023956152,128.55336848485345,126.73636909413412,126.6684193882026,122.82377167558006,126.7327658090144,126.66746115320366,125.85903217436106,126.6469549532344,126.6354490505526,0.0,126.49188190117916,126.36525804584974,0.0,0.0,126.1018788510908
125,153.1502013935569,124.57328616595532,119.22361509113324,134.28136608695576,126.8102523732809,126.74256151909154,128.89607547534547,126.80849957998112,126.74201798772228,123.19438261706637,126.80486590613648,126.7409748662996,125.91419177649192,126.71820593859664,126.7095004906217,0.0,126.56478120630632,126.44223462438023,0.0,0.0,126.17839881809884
126,153.4610968945245,124.7705975248424,119.42228267803236,134.60753040498568,126.88243846340546,126.8159868522988,129.23852292876524,126.8805878883465,126.81540044790609,123.55493310304875,126.87693039274546,126.8144663610076,125.96877418810574,126.78975326880004,126.78359432151848,0.0,126.6370611197324,126.51888585496272,0.0,0.0,126.25420427081671
127,153.77131205284314,124.9796245282228,119.62479822892298,134.9336719152678,126.95470513512528,126.88923462380328,129.58128775779898,126.95275418255568,126.88880224322568,123.90391054395376,126.94906387651665,126.88778504806244,126.0153300922751,126.86092097043776,126.85703253211872,0.0,126.70870548977024,126.59538704429193,0.0,0.0,126.32938954149289
128,154.0804167122862,125.15514373440148,119.80673934110018,135.25919697239098,127.02515488546211,126.96121670285235,129.9236984354692,127.02327962521724,126.96073536267453,124.23845686105405,127.01956540866564,126.95981512104808,126.05964510662996,126.9305753119334,126.92939823199806,0.0,126.77969799472652,126.67090532814338,0.0,0.0,126.4038327789674
129,154.38805535653424,125.33283113228936,119.98727430506838,135.58531174487575,127.09519409512674,127.03275006809214,130.2657088724403,127.09339792286124,127.03232570604663,124.55706472993953,127.08948759373664,127.03132175955284,126.10320361875958,126.99975456407812,127.00138230569164,0.0,126.85021456916256,126.74547099489122,0.0,0.0,126.47773922414898
130,154.6951047919873,125.51276953262258,120.16868455332973,135.91081452257345,127.16501181044802,127.10394170243217,130.60797340791729,127.16312008637487,127.10347635030983,124.85830807887284,127.1592802292173,127.10258816934125,126.14606248475276,127.06871389969128,127.07308098860484,0.0,126.9202424836539,126.81962978849408,0.0,0.0,126.55098731731088
131,155.00171504610557,125.69500632853968,120.35085372781866,136.23745412138868,127.23453732827652,127.17499524633072,130.9513624818552,127.2326400556464,127.17448865666928,128.3805798940793,127.22869654922216,127.17361915918804,126.18804485383735,127.13739152408226,127.144595348241,0.0,126.98957382206072,126.89338184398795,0.0,0.0,126.62356397544124
132,155.30760724255322,125.88765327248808,120.5308216124878,136.56490107486405,127.30379111078902,127.24552001358406,131.29651972515225,127.3017993993398,127.24506975565222,128.6123903181769,127.29793569199204,127.24410961478635,126.2292921774397,127.20572615795876,127.21521803779446,0.0,127.05838797065182,126.96702144561036,0.0,0.0,126.69545594508232
133,155.61379361783253,126.0873512433521,120.71175707544272,136.89468156033706,127.37288970676424,127.31507046229812,134.80128862685052,127.37089536882384,127.31457956626352,128.81960385785084,127.36693381426797,127.31363897030414,126.27010855676528,127.27399454851486,127.28518212304152,0.0,127.1265729325024,127.03962388242422,0.0,0.0,126.76698766750192
134,155.92139727133525,126.29072986515273,120.89408983653216,140.30308753381686,127.44177225581508,127.38425271052466,135.1178538233598,127.43987045596984,127.38392666869726,129.15744434189165,127.43581303413228,127.38290443140995,126.3101523000833,127.34197729686906,127.3549266914959,0.0,127.19441495698224,127.11156278721168,0.0,0.0,126.83769839418588
135,159.14062798573718,126.48163227097498,121.07655490860502,140.6029785995767,127.50984892175848,127.45326780305228,135.43475657681944,127.50785323734864,127.45279899819651,129.50211954219702,127.50369738086908,127.45190236594712,126.34964206578869,127.40897804550332,127.42424961466178,0.0,127.26169818072576,127.18310980889504,0.0,0.0,126.9079142424788
136,159.41809363658444,126.6657611607383,121.25905881031046,140.9026635730338,127.5772128541962,127.5219054040404,135.75434769758027,127.57512568992703,127.52150133203044,129.8472879866037,127.57106208031016,127.52062922015936,126.388354695332,127.47536490656802,127.49324385662676,0.0,127.32840921258476,127.25425865101562,0.0,0.0,126.97762530826728
137,159.69609513183212,126.85020001482508,121.4415067909417,141.205592408399,127.64424050289858,127.5902647577128,136.0708865993058,127.64225012371054,127.58982150784712,130.19208754944313,127.6380023271424,127.58897580163097,126.4262897551077,127.54141230360588,127.56210817200012,0.0,127.394435715906,127.32515474853452,0.0,0.0,127.04670626986498
138,159.9744814746579,127.03562533550826,121.6238032471062,141.5051198890419,127.71112279043622,127.65834228052536,136.38744934162457,127.7089479562886,127.65796658562408,130.5433804130957,127.70470588517531,127.65714898026924,126.4637159034958,127.60720867731231,127.6305502550552,0.0,127.46017015947808,127.39571905215163,0.0,0.0,127.11526088788322
139,160.25386261635484,127.22141412105104,121.79533986182696,141.80469120448143,127.77757877106396,127.72548786532288,136.7039174377972,127.77550545839172,127.72506855306467,130.8883064784874,127.77117703376427,127.72426856727805,126.50052065366772,127.6728463951908,127.69778569970492,0.0,127.52529630156144,127.46586956103346,0.0,0.0,127.18316223643788
140,160.673810798028,127.40960107481372,121.96275928811949,142.10450580956478,127.84335500018014,127.79198126657494,137.0265442475123,127.84128872187202,127.7916306105227,131.2325518060729,127.83696976070637,127.79075340912117,126.53649018823276,127.737464649154,127.76456531642415,0.0,127.58990343781367,127.53493574212986,0.0,0.0,127.250632407268
141,161.25864026280723,127.59551610551046,122.129749755461,142.4104307470943,127.90856544476036,127.85828317915258,137.3427980798778,127.90641202675664,127.85789479417136,131.58372321407225,127.90210670165038,127.857048152102,126.57202077431543,127.80170299127822,127.83118942966786,0.0,127.65418096267048,127.60346801947264,0.0,0.0,127.31767777066447
142,161.8432049902838,127.78137407804633,122.29597987730004,142.710097951216,127.97352433537462,127.9240613633616,137.65895294141498,127.97138103087454,127.9237442891226,131.9343482590311,127.96699564160848,127.92293001676316,126.60692356011724,127.86557985133445,127.8974439519828,0.0,127.71801943992442,127.67154111504746,0.0,0.0,127.38402243546132
143,162.43468652078323,127.96737076877838,122.47113184100436,143.00976817141074,128.03822895936727,127.98974212659022,137.98169976111808,128.03599970920268,127.98927822122454,132.27875543476054,128.03143882966498,127.98849804290523,126.64119748319123,127.92909008269451,127.9633192337404,0.0,127.78120718440408,127.73922285668289,0.0,0.0,127.4499219146199
144,163.02580401549056,128.15342883447843,122.64986195019516,143.31594797967028,128.10257790749725,128.05499014306136,138.30426641525605,128.1002630863843,128.05459923896657,132.62970238482808,128.09582250732532,128.0538547919087,126.67489137695722,127.99240989711156,128.02901898786448,0.0,127.8439349313628,127.80658334707826,0.0,0.0,127.51533766043364
145,163.61981085835689,128.33918044467703,122.82796581530536,143.62206434675647,128.1666658025494,128.12001793214617,138.62046647078415,128.16436515370404,128.11959001497775,132.9797755299446,128.15975227870754,128.11888310370884,126.70790345841424,128.0553558333049,128.0943232162913,0.0,127.90629856132244,127.87369502543596,0.0,0.0,127.58027546130074
146,164.21032180817326,128.52512176534668,123.00568861581594,143.9219215215114,128.23049014187572,128.18470697242248,138.94312135468158,128.2282056216288,128.1843547683268,133.32430939857326,128.22362101028742,128.18357447192807,126.74055697930773,128.11810723992053,128.15933027538384,0.0,127.96807477175908,127.94039060837072,0.0,0.0,127.64472615594204
147,164.80285625965934,128.6999248986285,123.18297467750594,144.22806103655128,128.2934043210581,128.24916231076935,139.2654044799607,128.2910379507054,128.24877392703664,133.67453035685242,128.2863833591417,128.248033793356,126.77291505343952,128.17993771977297,128.22414205766285,0.0,128.02976176777202,128.00674143521218,0.0,0.0,127.70868047712422
148,165.39475339115776,128.87218150972583,123.35230940255592,144.53465645085058,128.3558040360868,128.31281592189546,139.5816097603902,128.3534553813926,128.31238710429923,134.0250559543445,128.3487323397306,128.31167624159224,126.80493993253582,128.24117645772637,128.28768622546076,0.0,128.09065106467318,128.07282124063175,0.0,0.0,127.7721290547203
149,165.99242353389266,129.04385116453864,123.51309182724016,144.8346182121943,128.41793682250184,128.37559388233413,139.90367356410624,128.41550651736978,128.375242602001,134.36923791233482,128.41071719537513,128.37446020002298,126.83692579276256,128.30211427338844,128.35075130981397,0.0,128.15124556628447,128.13853801820227,0.0,0.0,127.83507674365772
150,166.59512987531912,129.2151636670265,123.6734633424219,145.1409243458951,128.47969485997663,128.43803621208022,140.22634161068325,128.47728520080366,128.43764981517845,134.72544141477135,128.4724315550223,128.43691024862804,126.8677560355563,128.3626510712649,128.41351817296223,0.0,128.21131841271944,128.20280322929383,0.0,0.0,127.89762343113723
151,167.1961106359856,129.3975358283593,123.83309538330973,145.46560794832456,128.54117270587386,128.50013352161355,140.54252096635452,128.538785508741,128.4998272230353,135.0694523755826,128.53386955900146,128.49913208748703,126.89967506363854,128.4229667760395,128.4759782314535,0.0,128.27106021900417,128.2667017897274,0.0,0.0,127.95974732609152
152,167.7977211592652,129.58069242879836,123.9922471539661,146.04627957290054,128.6024677117094,128.56199236206425,140.871270280602,128.60000142887708,128.5616517956547,135.42556416839966,128.59502525960514,128.56088694926655,126.93281348043132,128.48296171878317,128.53801093321576,0.0,128.33048011706123,128.3302244019843,0.0,0.0,128.02132969956287
153,168.39881552296208,129.76308522761795,124.15028397295944,146.62671824614162,128.66336763789067,128.6234886387619,141.18710250174658,128.66092685127842,128.62323073368356,135.76945750791273,128.65578888587888,128.6225128761277,126.96729119860856,128.5427246878892,128.59983018141145,0.0,128.38947367877142,128.393528824543,0.0,0.0,128.08261259041356
154,168.99944429354184,129.94496720503903,124.3080695621377,147.21292524660328,128.72407379405638,128.6847303058097,141.51568623402994,128.72155555964954,128.68443902929604,136.12585933041123,128.71646546957808,128.68376996900562,127.00054002206112,128.6021543895434,128.6613159311095,0.0,128.4479135603745,128.45635629529644,0.0,0.0,128.1433368613996
155,169.599637107708,130.12660294987256,124.46527263170572,147.79910966522772,128.78447641042752,128.74570993500498,141.83198780380383,128.78198673162385,128.7453852902098,136.46970364000072,128.7767375665214,128.74464827117734,127.0316576995682,128.66134072318337,128.72257327956265,0.0,128.5060967963851,128.51886480231423,0.0,0.0,128.2037111959418
156,170.19941189435193,130.3072185996911,124.62155229998324,148.38527837735384,128.84465264900948,128.80630043805866,142.16045354040205,128.84209080567985,128.80606195895825,136.82551127024422,128.83690031259164,128.80537630842804,127.06252467882469,128.72018068898612,128.7834802147718,0.0,128.56381150253802,128.58104609211384,0.0,0.0,128.2636088615313
157,170.79877962814606,130.47383053174593,124.78455821081168,148.97383076950803,128.90362043979857,128.8667322914834,142.47663974899928,128.90098312244373,128.86646133986062,137.1750371289415,128.8956362689674,128.86570861904696,127.09378073504448,128.77799775958405,128.8441432083408,0.0,128.6211882919834,128.6428917360456,0.0,0.0,128.32311388974577
158,171.39830420107947,130.63994889742608,124.95283747319463,149.5596487502444,128.96219984255123,128.9268789933827,142.8422727006774,128.95948765621114,128.92657559618308,137.5251265653925,128.9541964155662,128.92587690642182,127.12486416815892,128.83519764511698,128.90443824873816,0.0,128.67808067327073,128.704479725786,0.0,0.0,128.38215439670944
159,171.99684553049588,130.80554266810557,125.12002316178646,150.1471756865199,129.02048851621333,128.98673255688206,143.42054884356597,129.01780836548744,128.9863967473587,137.88083051077345,129.01236346377976,128.98575389436397,127.15660576603608,128.89215465985987,128.9645909168285,0.0,128.73476884939367,128.76571588589877,0.0,0.0,128.44086564510997
160,172.59548358825828,130.97058077525486,125.28714601760228,150.7353462325627,129.07847935101034,129.0456811376455,143.99860984794876,129.07583301972107,129.0448215219978,138.22422782129223,129.07034200103925,129.0428917159653,127.190253977732,128.94886224883578,129.02435917430947,0.0,128.79089495003856,128.8266790668506,0.0,0.0,128.49922748403992
161,173.19322242820644,131.13503201630868,125.45305951125052,151.33351331671446,129.13627295172165,129.10504031550062,144.5823818824883,129.13355443460495,129.10414159741237,138.58021231165455,129.12791201094598,129.10225519775912,127.26648088133688,129.0051156149807,129.083852421364,0.0,128.8467430324704,128.88727353004532,0.0,0.0,128.55708868930105
162,173.7910084717737,131.2988651190626,125.60634716094988,151.92998940466566,129.19364698506695,129.1630965975023,145.16605934946435,129.19096531644314,129.16215388587136,138.93582362480646,129.18528038971192,129.1603002280801,127.33572855576166,129.06120317371827,129.1419485695075,0.0,128.90236088555974,128.9475789846302,0.0,0.0,128.6145862902746
163,174.38836219193533,131.46236036597892,125.75620139996504,152.52710847762822,129.25055403719034,129.22067311024776,145.74969644311864,129.24805825884624,129.21981426315745,139.2794026068612,129.24233302516973,129.21788202427427,127.40418972101628,129.11691915142336,129.19970377089575,0.0,128.95739674450803,129.00758776043546,0.0,0.0,128.67172707744572
164,174.98490013508916,131.62517925173532,125.90515774001408,153.1237487782143,129.30542606190198,129.2779898582789,146.33564546581698,129.3042214523115,129.27709278686186,139.63465117394537,129.29917173242404,129.27520560293885,127.47291692785495,129.1723552461619,129.25722869431937,0.0,129.01213323112395,129.0670368017324,0.0,0.0,128.72849088607938
165,175.58142238381447,131.78760646984932,126.0538352442524,153.7199659149453,129.3599339322998,129.3350398589826,146.92077832277394,129.3586835809343,129.33404239493723,139.9904389549288,129.3556808991089,129.33213979827414,127.54143405095104,129.2274025134372,129.3145168866012,0.0,129.0667324278168,129.12530099260815,0.0,0.0,128.78485774903805
166,176.17752053340774,131.9600499389285,126.20156410384982,154.31579171941442,129.41406981372137,129.39169081617104,147.50387252236516,129.4128813419404,129.3907174629178,140.33955268345963,129.4103012524723,129.38880026791148,127.60929590556842,129.28225532047807,129.37144104067923,0.0,129.12073031251234,129.18320144369395,0.0,0.0,128.84083424257236
167,176.76680491296457,132.13342411363726,126.34864318097448,154.9112450667646,129.4680403392153,129.44818528680622,148.09080904651734,129.4668084165868,129.4471738090001,140.68952116920414,129.46413153137786,129.44530563166944,127.67664299583755,129.3368048016802,129.42799228148644,0.0,129.1744915224291,129.2408195995773,0.0,0.0,128.89643981259772
168,177.35277971357897,132.30630570540472,126.49537989905704,155.50633728949586,129.52162503713026,129.5042648179185,148.68498242149673,129.52035068262572,129.5033420274783,141.13405361702027,129.5176861447884,129.50139798375184,127.74194704503242,129.39114573663358,129.4844061801567,0.0,129.2279253925186,129.29805768849363,0.0,0.0,128.9517508448678
169,177.93832877092365,132.47866636226084,126.6410910779351,156.1016045075158,129.57492411366027,129.56017486305066,149.27985214770348,129.5737165014915,129.5592148260264,141.70913260296234,129.57095860574776,129.55732228895826,127.80740696898827,129.44506379037557,129.5032101485943,0.0,129.28094310470212,129.35508909738914,0.0,0.0,129.00665213244184
170,178.52314194049387,132.6504776382854,126.786417018326,156.69596316483083,129.62793091313728,129.61578204775324,149.87337766887458,129.6266833178435,129.61484893736994,142.284019778774,129.62394231643745,129.6128814464574,127.87200556580406,129.4987568307366,129.5586549556689,0.0,129.3338460148155,129.41172462324442,0.0,0.0,129.06123125780223
171,179.1078482553341,132.81462414398896,126.93117172962884,157.2904387159538,129.6804905878228,129.6712079767247,150.46744276660726,129.679208038929,129.67017357949422,142.86472408751166,129.67649247745132,129.66826007582242,127.94115775159132,129.55219960733083,129.613819006469,0.0,129.38623884809823,129.4681395082214,0.0,0.0,129.11543016675722
172,179.69212481285817,132.97156929206906,127.0751648298088,157.88408727409308,129.73235867661856,129.72631759524867,151.06111211727645,129.73114656785668,129.72524610169128,143.44516162932317,129.72834278243633,129.72332341196963,128.0060208322824,129.6041644241498,129.66857106555904,0.0,129.438360178799,129.52414210258766,0.0,0.0,129.16926877158485
173,180.27568677783435,133.12756127719987,127.2185432084322,158.47780491169536,129.78400131951778,129.7811032989269,151.65441675205054,129.78275242762933,129.78012531676342,144.0280598654182,129.7799164231592,129.77819421239016,128.07069058171157,129.6558302189177,129.7232144950669,0.0,129.30540903681816,129.5799094847567,0.0,0.0,129.22290582656575
174,180.8591075395513,133.28323497920422,127.36145800631182,159.0707493091254,129.83530282601083,129.83568877979192,152.24737501338782,129.8340182165013,129.83467458544115,144.6080650628481,129.83115203150535,129.83267048097588,128.13890775239912,129.70718740670188,129.77755687150116,0.0,129.35475406272158,129.63543519826658,0.0,0.0,129.2760758241658
175,181.44182256965212,133.43857388780654,127.50389154939636,159.66372308138318,129.8863656916817,129.89006860124988,152.84054148498743,129.88504636998277,129.88901821998596,145.18980639587895,129.8822067494421,129.88707302489553,128.2000575384757,129.75822601943943,129.8316542964648,0.0,129.40393746151037,129.69052388439846,0.0,0.0,129.32893783203053
176,182.02437697083568,133.59322506726022,127.64547785014987,160.2563172891337,129.93704974975594,129.9441043436042,153.43280304572187,129.93577533816247,129.94315072475752,145.77105014856755,129.93290959269262,129.9411333873781,128.26131876584856,129.80883090749856,129.88543701043648,0.0,129.45257406051107,129.74545022511626,0.0,0.0,129.3815118585079
177,182.60649028510747,133.7471653476495,127.78654296461558,160.8481952157251,129.9866631304178,129.99805549544035,154.02474397130612,129.9861425433247,129.99699973751842,146.3555743366352,129.983252753968,129.99497712460246,128.32169635399788,129.85920059209832,129.939025728375,0.0,129.5011570447339,129.8000179645085,0.0,0.0,129.4337418088258
178,183.1879093582997,133.9007118283774,127.9286323737686,161.4384357718676,130.0347301059292,130.04979864936536,154.61681092716557,130.03630687759173,130.04929775993102,146.94733599674225,130.03333932567676,130.0483078629511,128.38222931821906,129.90921968404948,129.99241531183876,0.0,129.54918387973385,129.85431428103047,0.0,0.0,129.48566023862423
179,183.7688926962948,134.0538473930328,128.0799047315017,162.0206848509947,130.08138975236014,130.1005850119571,155.2085070541043,130.0860946014311,130.10005433087707,147.5376993380998,130.08316243210805,130.09906822907743,128.4472045478357,129.95887697563415,130.0454710261202,0.0,129.59723051074027,129.9083317877815,0.0,0.0,129.5373206882566
180,184.34968023307155,134.20655475530296,128.2305524109091,162.6022460799727,130.12667047822657,130.1511192511517,155.799453352674,130.13566547559404,130.15068818385055,148.12864896588263,130.13260311378505,130.14957753169108,128.51232520064156,130.0082674842426,130.09831562555797,0.0,129.64477934207198,129.96215991293624,0.0,0.0,129.58863421899758
181,184.92977840902864,134.3588165051708,128.38055542797505,163.18373740862577,130.17060001842896,130.2013958083016,156.39045547702273,130.18490033609837,130.20093589724854,148.71921675311887,130.18187738661734,130.19989512081634,128.567901790061,130.05722106699315,130.1509437704061,0.0,129.69235958995876,130.01559734089366,0.0,0.0,129.63956036217226
182,185.5096646724025,134.51044062400143,128.52989369048368,163.76484212458612,130.21320546926208,130.25153976626723,156.9807489563972,130.23384745785785,130.25105108413115,149.30944362777694,130.2307535674386,130.24995119543186,128.6218685027705,130.10588683302103,130.2033500563209,0.0,129.73963102416994,130.06873256011983,0.0,0.0,129.69026073612213
183,186.0888646946847,134.66158178420608,128.67340442155017,164.34528293941753,130.25451332183945,130.3010531290935,157.57106355018388,130.28244243151553,130.30059988543775,149.89935307355958,130.2793357212456,130.29956923396642,128.6763237859375,130.15420194295965,130.2548239053529,0.0,129.78694538709226,130.12165595977945,0.0,0.0,129.74069597144353
184,186.66761230954512,134.81239886172284,128.8078195750099,164.9256201244357,130.29450298444954,130.3500742267098,158.1610265215206,130.33084699150064,130.3495929002831,150.48895885639342,130.32772916284594,130.3485695968179,128.73619520961483,130.2021040287369,130.3055264799391,0.0,129.8336830479441,130.17436071511656,0.0,0.0,129.7907981235648
185,187.22749336349816,134.9626995514666,128.94210632727666,165.50556614155494,130.3262435874256,130.39886871997277,158.74863777151398,130.37893992524877,130.39835944873215,151.0782690147276,130.3756990885205,130.39734436286273,128.78660036814938,130.24969362154872,130.3560270802964,0.0,129.88100984776375,130.2267402186993,0.0,0.0,129.8405880172518
186,187.7799806594524,135.11246597636878,129.07571234499073,166.08486472987985,130.35482088355172,130.44736602324312,159.3287172179413,130.42665541929742,130.4468947865209,151.66776160975235,130.42346393987194,130.4458230797849,128.84185780275214,130.29696651151798,130.40625541915782,0.0,129.92751189089017,130.2787858374819,0.0,0.0,129.89033307053757
187,188.33181251577253,135.26168027400612,129.20880245282692,166.66403067946467,130.3812418086289,130.4956265870995,159.9084347260328,130.47409858047718,130.49512804402644,152.25646715861586,130.4709012923551,130.49413212018675,128.8909500682546,130.3439213773275,130.45613987334815,0.0,129.97528172039324,130.33058955186564,0.0,0.0,129.93963483235493
188,188.88320627027665,135.41167899961832,129.34117866985432,167.24255617236156,130.40565918040068,130.54364561714308,160.48750782313016,130.5212605839357,130.5431863293648,152.84530284650924,130.51800179048954,130.54213496333333,128.940299867904,130.39056038660112,130.50587283774036,0.0,130.02200246416226,130.3814673165313,0.0,0.0,129.98893541193166
189,189.43415705636235,135.57068141421996,129.47319215002625,167.820932569805,130.42806604815704,130.59148504636732,161.06651015820214,130.56813223949922,130.59093232435882,153.43342024313714,130.56475575530314,130.5898925269009,128.9950903754802,130.43678044557495,130.55538392237503,0.0,130.06834205464048,130.43161293626247,0.0,0.0,130.0377344562012
190,189.9846600314645,135.72941930424636,129.60483118463708,168.39867407134335,130.44857060023838,130.6390068444122,161.64514767939306,130.61464625954025,130.63849431331116,154.0216247284191,130.611268496719,130.6374669242517,129.04995771989826,130.4828096917992,130.60460140676545,0.0,130.11358752492632,130.4814740484253,0.0,0.0,130.0867866689975
191,190.53471038161052,135.88748611040145,129.73571107385814,168.97625110795607,130.46717400030784,130.68633995531275,162.22316091909684,130.66090808572758,130.6858683539543,154.6095072703488,130.65753051532428,130.6847869853283,129.09872763589487,130.52844321686987,130.6535868622933,0.0,130.15956737439552,130.53104482031102,0.0,0.0,130.1353099720924
192,191.0843033219852,136.04486306257718,129.86618881990074,169.5531976954131,130.48397584976578,130.73341275492663,162.80107311470618,130.7067919258206,130.73291524745133,155.1967395340042,130.703416148787,130.73184784920966,129.14653242238825,130.57391749564317,130.70118650189704,0.0,130.20489356181292,130.58021958942192,0.0,0.0,130.1843567008632
193,191.63343410706503,136.2021296897126,129.9962524903801,170.12974428478265,130.49898568056207,130.78028830736727,163.3786158054337,130.75240317063177,130.77976503772595,155.78400439234855,130.74891457676335,130.77871247673548,129.20215964758614,130.61914173041606,130.7478594575078,0.0,130.2501868570509,130.62919512023683,0.0,0.0,130.2326867781132
194,192.1820980304638,136.3487467445118,130.1255109874363,170.7061061520635,130.5112968778818,130.82696260457337,163.9555483221388,130.79727824867695,130.82641372200175,156.3709526853526,130.79375105392728,130.82530873451486,129.25731880369642,130.66413501706245,130.7943513703712,0.0,130.2958537792316,130.67796984307984,0.0,0.0,130.28226287760884
195,192.730290435428,136.49228604467962,130.2547083758786,171.2818413956073,130.52158967893175,130.87329450653564,164.5323536098066,130.84166820222933,130.87285727807995,156.95334233562355,130.83814487813456,130.87170014891987,129.3049737698617,130.70814409612152,130.84065847969492,0.0,130.34024913927112,130.7263396298215,0.0,0.0,130.33077682094753
196,193.27800671507924,136.63552012476367,130.38307221200523,171.85068882214543,130.53019998911978,130.91955359406452,165.10855475935762,130.88574182521322,130.91902284896395,157.53051683688852,130.88222381729443,130.91788268928087,129.35331987354064,130.7516107197303,130.88664446378522,0.0,130.38586074524363,130.77450758109035,0.0,0.0,130.37881863949514
197,193.77318441158047,136.7784457505675,130.51116200634755,172.40028925274464,130.53716283185437,130.96546098473704,165.68461379232647,130.92943149255186,130.96497459618942,158.10735988094248,130.92586289938316,130.96385230710018,129.409068105884,130.79497589464216,130.9324368742474,0.0,130.43070198849844,130.8224758532876,0.0,0.0,130.4260264263424
198,193.93647971373025,136.92087384841778,130.63877483753987,172.94928516493044,130.54253615299882,131.0112886138018,166.26007357672233,130.9727855796852,131.01077785740276,158.6836052186706,130.96916825243645,131.00960493688422,129.4652849046728,130.83813789441356,130.97803188720684,0.0,130.47549233948655,130.87009245816537,0.0,0.0,130.47367147705893
199,194.09817940664408,137.0629927634948,130.7657036302387,173.49788276597428,130.54636717638925,131.0568249291809,166.8351604798082,131.01579599563786,131.05629001766584,159.2597931772531,131.0121322527993,131.05513649701166,129.51155453060082,130.8812120911172,131.0234256585674,0.0,130.52042891517314,130.91751440284716,0.0,0.0,130.5204631339753
200,194.2604042207836,137.2046175989792,130.89251996942002,173.86569407166323,130.5487058115022,131.1021349740609,167.4100858173309,131.05845631721266,131.1015760866351,159.83564688513965,131.054749115711,131.10044289060232,129.5614559701446,130.9240876061355,131.06861432468855,0.0,130.56425728763855,130.96469291693023,0.0,0.0,130.56791020984332
201,194.4288497454827,137.34613799858596,131.01862725475934,174.0765418015,130.54960540418583,131.1472849615459,167.98441636543188,131.10076244095015,131.146702243402,160.41092137422717,131.0970155712816,131.14559022545896,129.61152037030686,130.96687416104444,131.11352626425438,0.0,130.6077925573696,131.01168259051192,0.0,0.0,130.61485982380685
202,194.59546801636844,137.48737870513014,131.14420756391235,174.28527870958754,130.54912358173266,131.19220100619646,168.48142860458694,131.1427133259122,131.19159464642075,160.98611056210655,131.13893161644714,131.19050474591603,129.6556905055706,131.00951078968563,131.1582247310529,0.0,130.6519940613406,131.0584854977072,0.0,0.0,130.66165111810903
203,194.7431081317488,137.6283587572801,131.2694470018208,174.49196661734177,130.54732312352513,131.2368789562161,168.7485223715813,131.18431178522565,131.2363200339105,161.5607285553321,131.18050128875396,131.23518231191156,129.70608687212646,131.05199064159464,131.20277413131475,0.0,130.6953088641529,131.10499663568712,0.0,0.0,130.70896690472682
204,194.8853169207016,137.769297213334,131.3943358457916,174.69666373606606,130.5442728168848,131.28138586473818,168.99403588336816,131.2255652513111,131.2808039470917,162.13524575759317,131.2217333731956,131.2796898709769,129.75746439093905,131.09436323110563,131.24710279218587,0.0,130.73846605129685,131.15137391008946,0.0,0.0,130.75502255883953
205,195.0258314808925,137.9098326234641,131.5186635849458,174.89942493864496,130.54004234781894,131.3256469242396,169.23687929348105,131.26654433711627,131.3251136833927,162.70942093979303,131.262699824916,131.32402413566905,129.80134240096015,131.13662070378695,131.2912067634103,0.0,130.7823374509571,131.19756317812065,0.0,0.0,130.8022439700895
206,195.1644802621957,138.0503882600809,131.6426191252072,175.10030200326597,130.5347170206978,131.3698015461409,169.47713751066658,131.3072095598562,131.3692459335439,163.2830357593984,131.30336243455665,131.36803843795258,129.85338392855604,131.17869663532952,131.33515127377242,0.0,130.8249684009864,131.24350809549867,0.0,0.0,130.84808551559675
207,195.30161727193683,138.19100073522728,131.76619263573875,175.29934383919925,130.5283779266797,131.41370309622923,169.71489036566868,131.3475848000269,131.41312532287293,163.7364231609404,131.34374593434714,131.4119436376545,129.905237437685,131.22069881174073,131.37886372802708,0.0,130.86801388162664,131.28936673684106,0.0,0.0,130.89440818697625
208,195.43689568251528,138.33150472465766,131.88937414941142,175.4965966927577,130.52112722593503,131.45741974341772,169.9502130080684,131.38775712698057,131.45681998637514,164.06004679686578,131.3838793131613,131.45566501497487,129.95063040625263,131.2624435670705,131.42234013082023,0.0,130.91086113634793,131.33491902943618,0.0,0.0,130.9404057609453
209,195.57066291328755,138.4721297186563,132.01194877313023,175.69210433639387,130.51306612840108,131.50087546800287,170.18336345701343,131.42775951155025,131.5003265764158,164.37949691385484,131.4239114644301,131.49912667733594,130.00346717085253,131.30409843311796,131.46564653419324,0.0,130.95355069716422,131.38037728781532,0.0,0.0,130.98514387461026
210,195.7025769140988,138.61289964415678,132.1343152150781,175.88590823935164,130.50427411866664,131.54421195287458,170.4140319557836,131.46756810581658,131.54364173322264,164.69533542102533,131.46375886854943,131.54247008554668,130.0569642398637,131.3455972779355,131.5087797798934,0.0,130.99463178393924,131.42463660062148,0.0,0.0,131.0308884593838
211,195.83297900546708,138.75362200623016,132.25625946981606,176.07787236975213,130.49088320011154,131.58735344349958,170.6424710748655,131.50727578537783,131.58676208553285,165.00729042557282,131.50351202603872,131.5855464855395,130.11118318858058,131.38693281308753,131.5517366943768,0.0,131.03708455466764,131.46744142148867,0.0,0.0,131.07598242687587
212,195.9615322964187,138.89470721236188,132.37756339473697,176.27789840835686,130.45082603719578,131.63029655336507,170.8687405168373,131.54691447385937,131.6296842512503,165.3156954320994,131.54314016296738,131.62849846743055,130.16692886821468,131.42815798190233,131.59444316771678,0.0,131.07944935422387,131.5101381883629,0.0,0.0,131.12092364723105
213,196.0885724588725,139.03572862343646,132.4986316824114,176.477413356841,130.41009754389285,131.6730378858247,171.0927181797873,131.58651135417347,131.67247861382498,165.60746168568494,131.582785570085,131.67124980548493,130.21498705510186,131.46914673499705,131.63696634714597,0.0,131.1217274168692,131.55261696439268,0.0,0.0,131.16641951874033
214,196.21376808126823,139.17686540961105,132.62481725465148,176.6675159946495,130.36883084241495,131.71557403477735,171.31481690612873,131.62608732023628,131.71499450440908,165.88386323839106,131.622345936503,131.71379710332857,130.27560792659324,131.51001283347605,131.67937451032924,0.0,131.16217619488114,131.59487231060027,0.0,0.0,131.21066222493766
215,196.3372865966761,139.31829178706815,132.7532364140466,176.84216433220683,130.32715253780182,131.75797596713895,171.5349068042897,131.6656561833643,131.75737634676358,166.15686819304412,131.66195201770918,131.75613695555833,130.31762893224203,131.5506904895627,131.72152172947264,0.0,131.2039706382201,131.6370058851542,0.0,0.0,131.25468172889015
216,196.4592913636662,139.45953875279324,132.88114262153124,177.01517648600708,130.2851195504756,131.80016644339463,171.7530361191899,131.7052246561088,131.7996215707176,166.42676949863227,131.70154781907544,131.79834049857817,130.3193690767125,131.59123495556122,131.76347597155683,0.0,131.24510399461832,131.67896002901958,0.0,0.0,131.2991839694664
217,196.5794586136084,139.60098074281558,133.00852470507175,177.18622016301933,130.242971031398,131.84221697698464,171.96925070510926,131.74479298653063,131.84157777432017,166.693661453481,131.7410699130583,131.84040515779455,130.28695393237723,131.63158049094278,131.8053063282527,0.0,131.28601198979928,131.72073016643384,0.0,0.0,131.34290347669167
218,196.6979531575384,139.74235278193237,133.13559982930948,177.35563367333515,130.20068945156453,131.8840497426569,172.18359419086224,131.7844181222553,131.88346624685497,166.95763322065636,131.78069691215222,131.88217811706613,130.22138370777412,131.6718446855646,131.84693775708217,0.0,131.3261704312107,131.7623117815469,0.0,0.0,131.38641899526448
219,196.81493594018903,139.8838207903528,133.25710310348137,177.5232521978425,130.15837890343195,131.9254292022668,172.40710937482993,131.82396702044318,131.92482840902164,167.21876920528894,131.82023404693498,131.92357771135747,130.15737423522089,131.7119008842182,131.88820190432978,0.0,131.3660680541343,131.80375495660869,0.0,0.0,131.4305608219082
220,196.9300914370953,140.02490259079966,133.37363199695136,177.6889167195176,130.1162722844144,131.96643550222322,172.62893413344372,131.86361505604484,131.96589078992898,167.47714939468287,131.8597938190522,131.9646003534043,130.06874030290882,131.75174438044866,131.92895852637858,0.0,131.40660711253307,131.84500125923594,0.0,0.0,131.47454224333336
221,197.0335175688656,140.16621067326724,133.48986013454956,177.8529551799579,130.07434279647126,132.00728490582543,172.8406185636436,131.90316073562218,132.0067218150771,167.7328496715284,131.89930076318078,132.0054671540204,129.99488661185887,131.7914947418492,131.96957396272364,0.0,131.44698506388008,131.88604635826064,0.0,0.0,131.51701933771008
222,197.1347019395461,140.3072711962619,133.60578015459404,178.01504671997188,130.03269312016084,132.04797482595555,173.03716062692672,131.94277922706874,132.04739354906627,167.98594209021442,131.93880460466076,132.04610017382856,129.91462006478483,131.8310244196108,132.01004577849358,0.0,131.48727213961268,131.92699651659618,0.0,0.0,131.56070732545763
223,197.2344265451467,140.4482730053152,133.7211686506299,178.17535514566862,129.9914923714308,132.08850266886463,173.23185565856863,131.98232971160536,132.08790340196293,168.23649514393665,131.97822858270337,132.0865716653848,129.89287689014313,131.87039168029887,132.05029838257218,0.0,131.5274674708286,131.96773794753506,0.0,0.0,131.6044043141824
224,197.3323841770996,140.58896767157327,133.83623205558203,178.33404026589298,129.95078080021878,132.12878984131137,173.42454606001294,132.02179762625218,132.1281728209826,168.48457399695187,132.01755928473057,132.1268790393966,129.8888658434591,131.9096558095232,132.09032853425197,0.0,131.56665794419737,132.00832222606277,0.0,0.0,131.6467843474164
225,197.42873329315967,140.72955566447345,133.9509627941647,178.49078741532244,129.91072975930297,132.1689092135593,173.61507953319344,132.0612338170996,132.1683508584712,168.73024070795276,132.05691317162382,132.16701970073115,129.90455620608364,131.94868826456656,132.13028032640915,0.0,131.60571911604592,132.0486899479245,0.0,0.0,131.6887775849593
226,197.52347786977964,140.87413081315268,134.0655722408627,178.64591263603825,129.87131928524155,132.20893468672708,173.80378342922884,132.10062623618103,132.2082827374064,168.97355442679918,132.09615038659578,132.20699104885077,129.93999621145036,131.9876114668507,132.17000421298425,0.0,131.6455200365173,132.08894948247504,0.0,0.0,131.7313018858766
227,197.61662268628712,141.02150457390712,134.17961580381734,178.7991065361073,129.83278678437867,132.24871088618556,173.99034529232392,132.13996372802478,132.24811853485966,169.21457158189932,132.13532503685494,132.2467904782575,129.99579605573598,132.0263595477545,132.20957112517667,0.0,131.6852246522905,132.12904173088845,0.0,0.0,131.7736862073759
228,197.7081733607297,141.16892021840255,134.29330377404466,178.95052767215836,129.79517880644204,132.28831144657215,174.1750866127208,132.1791705065522,132.28770243374692,169.45599497360817,132.17442777795318,132.28641537893503,130.06864038201886,132.06492943439974,132.2489041304721,0.0,131.7256630974112,132.16890666225453,0.0,0.0,131.8159286403027
229,197.79813637703185,141.31589156286614,134.4066283293233,179.10033099979793,129.7586063504966,132.3278110224391,174.3576989888783,132.21836806527858,132.32718552953926,169.70468122130768,132.21338438860369,132.3258631367964,130.15713276720348,132.10338192370472,132.2881493736482,0.0,131.76418381996143,132.20834721720075,0.0,0.0,131.85671963140294
230,197.88651911124128,141.46289236480257,134.5198047298298,179.24821449781126,129.71970165927678,132.3671302206314,174.53849851659425,132.2574826307568,132.36648846864108,169.9508279314149,132.25231817216184,132.36513113414708,130.25777533257337,132.14165069946023,132.32715520352093,0.0,131.80263199893787,132.24750549937627,0.0,0.0,131.89872876074205
231,197.97332985674052,141.6094348410964,134.63260414167252,179.39433469223903,129.67537508310843,132.4062664104419,174.71718123291254,132.29644019084614,132.40560862390598,170.18110695799223,132.2910904428598,132.4042944230965,130.37489222282625,132.1797328753891,132.36606878175556,0.0,131.84093259336686,132.28653693251417,0.0,0.0,131.94059039226397
232,198.0585778364048,141.7484072795105,134.7450186466193,179.53338453294734,129.62870109683135,132.44521695858356,174.89405826163983,132.3349690879079,132.44462136328755,170.40143522986747,132.3295207535958,132.4431952856626,130.48401477585185,132.21769004780023,132.40473741571944,0.0,131.8790836942295,132.3253819728528,0.0,0.0,131.98230255569564
233,198.1422732241141,141.8860566836014,134.85704031222687,179.66547034417292,129.58261406328018,132.483979229669,175.0688304107487,132.37337294578782,132.4833683095837,170.61939834442444,132.3676628981358,132.48198669157674,130.61454223677248,132.25552005315072,132.4433092787268,0.0,131.91634306082346,132.36403745457602,0.0,0.0,132.02445564548316
234,198.22442715723264,142.02353137383284,134.96888822865031,179.79570087981898,129.53814486736957,132.52262911849232,175.24165493132222,132.41166250917,132.52200307274765,170.83485848591764,132.40575295360935,132.52066676194246,130.73305017129084,132.29250989974605,132.48163064498002,0.0,131.953431139355,132.40250022403092,0.0,0.0,132.0645065494999
235,198.305051743277,142.160827948882,135.0803293099074,179.9242283808844,129.4953249520855,132.5611647306816,175.41268555187574,132.4498325190647,132.56052376222635,171.04814026228365,132.44372030123142,132.55915493588944,130.86760311028692,132.32905123347544,132.51985069371227,0.0,131.99117647549286,132.44088257765674,0.0,0.0,132.1058767657855
236,198.3841600684491,142.2979431313733,135.19158460982243,180.05105677623823,129.4541904691322,132.59950513689537,175.58162977003363,132.48787816044998,132.59884948687065,171.25895054115074,132.48156039184596,132.59744857592815,130.9962947964254,132.36538200079286,132.55796764638256,0.0,132.02876498015317,132.47906683640286,0.0,0.0,132.14718055752076
237,198.4617661999069,142.43510888094465,135.3024188948707,180.17619073602387,129.41485231223146,132.63764768994923,175.74864260923366,132.52586182198442,132.63697760284143,171.46760769168606,132.5193356894421,132.6356242122866,131.12586441339357,132.40162712642868,132.5958262400572,0.0,132.0661947358585,132.51710803678685,0.0,0.0,132.18832635805364
238,198.5373662936488,142.5723257338178,135.41305516566737,180.29963571141,129.37754872678323,132.67566926075412,175.9137302107958,132.56371297290997,132.67498495034553,171.67382170389382,132.55690914770028,132.67360052862148,131.2630166029105,132.43765733357034,132.6335771498492,0.0,132.10353913035243,132.5550037227291,0.0,0.0,132.22875253390004
239,198.60748519708204,142.70911935827738,135.5232560893167,180.4213979675073,129.3422379492723,132.7134881710988,176.07138220020715,132.60142781915994,132.71286961703925,171.87790522771513,132.59441064657946,132.71145454104374,131.3851652993846,132.47353421945593,132.6711413362249,0.0,132.14072136485962,132.59269282595042,0.0,0.0,132.26883824550146
240,198.6761596047554,142.84596036228203,135.63324660848542,180.54148461302688,129.30901540237946,132.7511817751453,176.22196881551673,132.63907018065666,132.75054971296805,172.07957181903907,132.63183732215194,132.74910443575143,131.52150276679188,132.50925584926372,132.70855498380942,0.0,132.17781524906275,132.6302898988795,0.0,0.0,132.30821596046644
241,198.74326717342683,142.98284930905558,135.7430215243724,180.6599036317272,129.2780262983031,132.78874814758765,176.37069440773087,132.67656975479338,132.78810280114484,172.27912887358767,132.66911912252883,132.78670785536275,131.65023925684605,132.54482031340302,132.74585476783972,0.0,132.21474355333532,132.66767503898348,0.0,0.0,132.34737529659787
242,198.8091050349304,143.11954548128955,135.85257554908895,180.77666389801905,129.24934237406367,132.82618535749273,176.51756457151697,132.71399112845023,132.82552695440248,172.47629390279326,132.7063205777036,132.8240224475959,131.7787040165545,132.58029027260832,132.78292189407327,0.0,132.25158050711283,132.70496368778717,0.0,0.0,132.38706030040782
243,198.87355191670844,143.25628796023906,135.9616670153899,180.8919149480249,129.22293037841595,132.86341074257598,176.6625855563471,132.75126402424613,132.8627395466966,172.6712251638117,132.74337162274168,132.86128671735528,131.9138024533489,132.61553493119695,132.81987075669466,0.0,132.28832481679228,132.7420945544978,0.0,0.0,132.4266284284183
244,198.9366275630826,143.39307710289572,136.07052489382497,181.005248279324,129.19900226830822,132.90050261055492,176.80576431203,132.78845368916663,132.89981885657437,172.8640773939888,132.78026954391214,132.89837815724545,132.04152362424952,132.65061683365465,132.85669951451723,0.0,132.32489861281897,132.77900546132514,0.0,0.0,132.46603145252666
245,198.9983526420579,143.5296681340145,136.17914377113377,181.1170947917275,129.1774715880258,132.93745901796729,176.9471085264654,132.82555797651722,132.93676294431677,173.05457368982536,132.81707979555244,132.935335024421,132.16945166367063,132.6855991819434,132.893327606819,0.0,132.36137674907124,132.81581317337316,0.0,0.0,132.50526700270484
246,199.05861299754653,143.6663036299951,136.28727873802254,181.227327372082,129.15847304717076,132.9742780165946,177.08676559696147,132.86250651952153,132.9735698654373,173.24286957956656,132.85380038686716,132.972114709709,132.30383805414695,132.72035028905776,132.92983140119233,0.0,132.39768093527547,132.7297083237774,0.0,0.0,132.54442600919376
247,199.1177034247777,143.8029836440762,136.3954022417368,181.3359596124946,129.1420033598668,133.01095765361856,177.22446618275342,132.89943389107694,133.01023767086895,173.42911727969596,132.89042941737722,133.00875570187227,132.42466775695496,132.75499857195322,132.96620903371468,0.0,132.4339636335236,132.7664980246439,0.0,0.0,132.58341339580022
248,199.1755106535693,143.93945915457485,136.50327031222142,181.44300608000185,129.12809474626144,133.04741406739447,177.36036004484353,132.93613278898945,133.04676440712493,173.61304618317394,132.92689655874784,133.04525605332532,132.55827419413387,132.789477244527,133.00237919684722,0.0,132.4704714112461,132.80323244120893,0.0,0.0,132.62232069685714
249,199.23205884857484,144.0762267172278,136.61063485124905,181.5484823056263,129.1167931585502,133.08380887299978,177.49445813243105,132.97280691121648,133.08314811649672,173.78648071307535,132.96326826600185,133.0816138121862,132.69133074867577,132.8238501984919,133.03849864111433,0.0,132.50552073606855,132.8397264903579,0.0,0.0,132.6610993117215
250,199.28723991511487,144.21278672544713,136.71797435451575,181.64932518096828,129.14037277031034,133.12005843405953,177.6267722758597,133.00931713769432,133.1193456685307,173.95543192420888,132.99954286160107,133.11782702248289,132.81776689544395,132.85805037051745,133.0744063697486,0.0,132.5404400295241,132.87610016921548,0.0,0.0,132.69974728423838
251,199.341346614192,144.34938788475358,136.8249193649215,181.7471859217611,129.16816650332788,133.1560781840913,177.7573151985155,133.04579957060113,133.15539603624964,174.12242237799308,133.03564976500013,133.15389372429206,133.0891124574645,132.89207604717328,133.11017992422708,0.0,132.57590085610954,132.9123516906946,0.0,0.0,132.73758085410498
252,199.39427151894725,144.48602977837473,136.93158548436966,181.84353776689537,129.19829401520454,133.1920311157455,177.88610053398386,133.0953266559176,133.1913386501025,174.28718741314037,133.0717251831113,133.18981195392607,133.5235174294101,132.92599161923744,133.14581740256773,0.0,132.61123822417235,132.9484792635458,0.0,0.0,132.77600102292956
253,199.44591061188376,144.62271193585954,137.03809036150176,181.93839900435168,129.23077550299985,133.22783288512753,178.0131428328925,133.164298724652,133.2271303686452,174.449876098679,133.10762953003993,133.2255797440882,133.95026023474156,132.9597296160482,133.18123627261565,0.0,132.64576691588897,132.98435678837217,0.0,0.0,132.81428491188768
254,199.49655515089424,144.75969124856329,137.14430594419332,182.0316569671128,129.2656359667511,133.2634815122621,178.13845757918324,133.23305342766378,133.2628108404425,174.61050013629395,133.14349969164908,133.26127831142037,134.37773292866652,132.9933547525773,133.21659562603304,0.0,132.6801594314522,133.02016829322193,0.0,0.0,132.85247842844163
255,199.5461015887668,144.89645368945088,137.2503508758976,182.12359644599024,129.3028474555828,133.29905851698075,178.2619289073696,133.30143349656126,133.29833668601086,174.76907184662593,133.1791955810407,133.2967395324015,134.81173085698055,133.02686581555506,133.2518131496778,0.0,132.7144142384203,133.0558500322531,0.0,0.0,132.89048390952726
256,199.5935396875039,145.03325451890498,137.35609594407512,182.2141058393111,129.342410365194,133.33439512991367,178.38383948009957,133.3695333190402,133.3337477699229,174.9256042137693,133.23727315048467,133.33212802766934,135.2425193296363,133.06019493221814,133.28688690891545,0.0,132.74856930754353,133.09133741973602,0.0,0.0,132.9284435192202
257,199.6383075615828,145.17035483930022,137.4616607736088,182.30320715220665,129.3854547747397,133.36965658849093,178.50080935441912,133.43744536588866,133.36895851688396,175.08011091589228,133.30380388203247,133.36735862531793,135.66778657694056,133.09334048040537,133.32181496079684,0.0,132.78258380473153,133.12669100519548,0.0,0.0,132.9662110484771
258,199.68206623918712,145.3072316010072,137.5669150489988,182.39092327345008,129.43338683078463,133.40475739318478,178.61486140349035,133.50501145196725,133.40409281560818,175.23260635508717,133.3701695017116,133.40242933783668,136.0921627713843,133.12643476152013,133.3565953539738,0.0,132.8164562022251,133.16190897296934,0.0,0.0,133.0039295722661
259,199.7247184484306,145.4444091501582,137.6718528035872,182.47714927151588,129.48329048242306,133.43977993277463,178.72728616758226,133.57240560840788,133.43902278890843,175.38310568819995,133.43621225321976,133.43742247707468,136.5225405904884,133.1593428409656,133.3912261285884,0.0,132.85018497475812,133.1969895031029,0.0,0.0,133.04072948932708
260,199.76655083593977,145.5816246958364,137.77672222769397,182.5621678997804,129.53509245311264,133.4745959495458,178.83810361989222,133.6395517883875,133.47387297856423,175.53162484929058,133.5021029424823,133.47225218515294,136.95217916847443,133.19213037236628,133.42570531616295,0.0,132.88456246270525,133.2319307714103,0.0,0.0,133.07734549286744
261,199.8073396398829,145.71914525286192,137.88126525882146,182.64587507453152,129.58874977182836,133.50933034335617,178.9473346504522,133.70618228016724,133.5085572371527,175.67818056737767,133.56776518938298,133.50691646158614,137.37639166403952,133.22472883484625,133.46007217024598,0.0,132.91880324580325,133.2667309495313,0.0,0.0,133.11383850604386
262,199.8473702922814,145.85643533879593,137.98573212300283,182.72829697345168,129.64426846096472,133.54385419319777,179.05487329454743,133.77139519900012,133.54315856840347,175.82279038507247,133.6332043955817,133.5414982581779,137.80031554163727,133.25727169597246,133.49428369798045,0.0,132.95214114730146,133.30138820501594,0.0,0.0,133.15080093347984
263,199.8865472828104,145.99403146052515,138.08986257500877,182.80933431454991,129.70154827719966,133.57833566359056,179.16099852251563,133.83522625322846,133.5775903771325,175.9654726749017,133.69850701694315,133.57591104306346,138.22928406488853,133.28962294684737,133.5283793562858,0.0,132.9854098941281,133.33596492732352,0.0,0.0,133.1870459944125
264,199.92477815228048,146.13193727440986,138.1936504831474,182.88926798167205,129.76053211599992,133.61264549692328,179.2656053704303,133.89755741711593,133.6119360837563,176.10624664588357,133.7635144326419,133.6102381860604,138.6580905915506,133.32184884271288,133.5623574704681,0.0,133.01860854453062,133.37033102968886,0.0,0.0,133.22316293944277
265,199.96234544847528,146.26960764807853,138.29734914972855,182.9679992950004,129.82115946856402,133.6468245029231,179.36871825365432,133.9586422855498,133.64610865053427,176.2451323521354,133.8283937031548,133.6443927112561,139.08067969748967,133.35394827634917,133.5961746763333,0.0,133.05161504547627,133.40461332471688,0.0,0.0,133.2591500510852
266,199.99903271298737,146.40758857985156,138.4009555420245,183.04543272402336,129.88343458546657,133.68091390645543,179.4703624163593,134.01829774212766,133.680106049132,176.3821506970763,133.8931483086485,133.6784584003192,139.50939590750707,133.38598819828766,133.6298707272233,0.0,133.08687188347707,133.43874573747885,0.0,0.0,133.29500560563412
267,200.035120806035,146.54588382629785,138.5042050274036,183.1218477215367,129.9473012547747,133.71482620490892,179.57043923880008,134.07669682981447,133.71405534872153,176.51292533980103,133.95761925287445,133.7123478386249,139.9319441549103,133.41783155669583,133.6634439069242,0.0,133.11963030236691,133.4727264153949,0.0,0.0,133.33077779000735
268,200.07039562956567,146.68421767012853,138.6073540053864,183.1945782056176,130.01255372653517,133.7486025034335,179.66922566107436,134.13386733581115,133.74782603359552,176.64175054712345,134.02197200530404,133.74614521306574,140.35980978765676,133.44954518853362,133.69685048229343,0.0,133.15235445160698,133.50661875273212,0.0,0.0,133.36641525940925
269,200.105136165474,146.82286999760856,138.71013559194523,183.2661246626172,130.07934407546017,133.78228431228237,179.76662383161906,134.1897771359682,133.78154577625406,176.76865996607776,134.08616875407822,133.77976267584114,140.77379184848314,133.48112802563054,133.7301726006678,0.0,133.18492142720015,133.54035604737996,0.0,0.0,133.40191627193855
270,200.139130514186,146.96156170368744,138.812808263743,183.33661887813773,130.14738185742888,133.8158268364666,179.86253898009326,134.24446193898757,133.81508342109873,176.8939271322382,134.15017160078062,133.81328481194495,141.25578118125802,133.5125790097017,133.76332438894883,0.0,133.21813398745186,133.57400209346326,0.0,0.0,133.4373294577846
271,200.17265559192447,147.1002914278274,138.91523586854865,183.40597014103489,130.21683509047534,133.8491848661859,179.9572470331669,134.29801328666912,133.8484369096708,177.017450565831,134.2141041859328,133.84671017884904,141.73780640903178,133.54389709244248,133.79634606804385,0.0,133.25127792569538,133.607489772451,0.0,0.0,133.47260299309144
272,200.2055015354232,147.23963073739327,139.01754708293407,183.4744546337893,130.28739607486648,133.8825305387469,180.0506537982584,134.35040737194606,133.8817348027655,177.13925514009307,134.27776653041286,133.87995028689647,142.22308832856385,133.57515006092308,133.8292782633861,0.0,133.28353748466176,133.6408172132293,0.0,0.0,133.50831006854037
273,200.23782274736337,147.37886817756632,139.11960462417392,183.54186070183783,130.35924919103346,133.91568837052762,180.14266810304207,134.40173213908295,133.91493228499417,177.2593665446874,134.34140294480085,133.91309030135398,142.70861443447538,133.60619936215843,133.86203441158477,0.0,133.31567574377834,133.6740488085712,0.0,0.0,133.5433527089168
274,200.26977204155887,147.5184348245687,139.2215381469589,183.6084633974584,130.43216173309452,133.94870002455096,180.2335645071966,134.45199401218528,133.947940391085,177.37768932163402,134.4047729215339,133.94612874210418,143.19433871329886,133.6371817530055,133.8946976243246,0.0,133.34847385052092,133.70718328839334,0.0,0.0,133.57930536372996
275,200.30114165581008,147.65818869238566,139.32307408029067,183.6741735999321,130.50611217055084,133.98160754648828,180.3206734939782,134.50125131790324,133.98084470350332,177.49449536662618,134.46812015391762,133.97906411386808,143.68021144800102,133.66802739725875,133.92722361425774,0.0,133.3811989723041,133.74015270686203,0.0,0.0,133.61411625371838
276,200.3322032059708,147.79827803941728,139.42703989900232,183.7389050172839,130.58108486357773,134.01440941537996,180.40639045862576,134.5417612000428,134.01359977626717,177.60969004282575,134.53124436909326,134.01180708824492,144.16747820582242,133.69873529438047,133.95961049566674,0.0,133.413016118211,133.77302205247017,0.0,0.0,133.6488305567404
277,200.36275058751343,147.93841124590725,139.53170393164336,183.80292996845043,130.65697394035004,134.04706005981842,180.49108299616915,134.56948962229876,134.04629184415003,177.72330212452783,134.59426782750165,134.04444357226913,144.65450974303678,133.72937390045306,133.9918563589438,0.0,133.44470730522897,133.80579004247184,0.0,0.0,133.68339550093015
278,200.39305272640263,148.07918218888904,139.6360776084775,183.8660434991288,130.73371996968888,134.07960177179197,180.57454390791645,134.59536781187546,134.07883140390663,177.83524134830765,134.65715135803515,134.07697202682442,145.14142576417433,133.75987303207282,134.02404533032976,0.0,133.477030770518,133.8383881145334,0.0,0.0,133.71786089566388
279,200.4229050266811,148.22000168073123,139.74015568275456,183.92851632025727,130.81131524482163,134.1119887616979,180.65704458959024,134.61948031277132,134.1112166099703,177.94577812268278,134.71993627323673,134.10939089498228,145.6282734629061,133.79023171702605,134.05604664824958,0.0,133.50761272915048,133.87088185115766,0.0,0.0,133.75282298842853
280,200.4524567187761,148.36116981465494,139.84407510356436,183.9901456084588,130.88965624065324,134.14430779011695,180.73849842727773,134.641906426346,134.14353421377314,178.05482280059218,134.7825429257786,134.14169860113986,146.1157079539732,133.8204489936932,134.08790125156247,0.0,133.5380939043555,133.902850437658,0.0,0.0,133.78768915645716
281,200.48185512145707,148.50238740608512,139.94797510528718,184.0512002744683,130.96874104053742,134.1765131218598,180.81882158009265,134.6627336686237,134.17569409852126,178.1622886003926,134.84505268912145,134.1738047982693,146.6024189834123,133.85059383723632,134.11965043535773,0.0,133.56963777989816,133.9343312020412,0.0,0.0,133.82185336706706
282,200.5108970049268,148.64426425228845,140.05054119824047,184.1114794693248,131.04852082930563,134.20845786681397,180.8982830659465,134.68204398457598,134.20768402515966,178.26844480930583,134.9074662748328,134.20583310005867,147.0908039394529,133.8805956163607,134.15129242455592,0.0,133.59991702708862,133.9656411054598,0.0,0.0,133.85591262821768
283,200.5397289913967,148.78619556443408,140.1525714169157,184.1712501139953,131.1288427755541,134.2403514059721,180.9766824162263,134.6999256047688,134.23953274126578,178.37320506990335,134.969784315057,134.2376290687746,147.58741161905925,133.9105235593522,134.18273412714933,0.0,133.63069801958142,133.99691148267817,0.0,0.0,133.88981323078636
284,200.5684956717307,148.92848965108303,140.25443272106227,184.2303131733949,131.20987301469015,134.2720367495247,181.0542872741775,134.71649328381378,134.2712625866179,178.47591116142368,135.0319268280668,134.2693956332255,148.08399925829698,133.94030681552016,134.21403006671812,0.0,133.66190735974277,134.0280080191206,0.0,0.0,133.92427117861882
285,200.59699491463363,149.07115126428587,140.35612138496526,184.28881824051552,131.29135565415177,134.3036902560157,181.1308993275366,134.73180091745377,134.30287188189791,178.57530616026278,135.09397483254645,134.30095317130727,148.5805755724841,133.97001486311132,134.24516893156957,0.0,133.69183867806117,134.0590628301812,0.0,0.0,133.95857359433415
286,200.6253704376296,149.21418523083884,140.45763353923053,184.3469134082833,131.37335669226076,134.3351318320281,181.2067846507572,134.74599675196302,134.33435892312883,178.6734058459942,135.15592874690262,134.332433576787,149.07748555544637,133.99957663577038,134.27623581894483,0.0,133.72166342823544,134.0899408081536,0.0,0.0,133.9922045250038
287,200.65376381673929,149.35759651191904,140.55896535665337,184.4044014378273,131.4558381933042,134.36653845841406,181.28174693669985,134.7591622159757,134.36572198036205,178.77012905291446,135.21770836486806,134.3637905944184,149.57402674697326,134.02902654868828,134.3070977722234,0.0,133.75252110074683,134.12077484711912,0.0,0.0,134.02572366032518
288,200.68197378902613,149.5013901626626,140.66025775578203,184.4615441175983,131.53876435212356,134.39772932625507,181.35605049495763,134.77140571535546,134.39695929626936,178.86574124706578,135.27947511356888,134.39497760882776,150.07085649536455,134.05839925312435,134.3378836936763,0.0,133.7820898519306,134.15142904913694,0.0,0.0,134.05912962348265
289,200.710140905771,149.64557135850586,140.76121765363595,184.5181456516401,131.62210146199894,134.42888201090616,181.4295008661228,134.7828400374713,134.42806908467892,178.96004692520555,135.34106809806283,134.4261274284425,150.56737070679716,134.08762336613427,134.3685478149804,0.0,133.8121856294395,134.1820370848369,0.0,0.0,134.09367710281074
290,200.7384034887102,149.79038146901155,140.8619853175608,184.5743522333384,131.7061685239146,134.4598600426335,181.50236041284012,134.79358234204466,134.45904952898422,179.0533105658319,135.4025680917265,134.45710365155728,151.0641355468642,134.1167689770736,134.39904397912736,0.0,133.84217369874756,134.2124622691852,0.0,0.0,134.1266946098878
291,200.76656094548133,149.93820411450525,140.96270326728495,184.63030831714167,131.7925532184531,134.49075156129763,181.5744363652935,134.8037736753774,134.48994389088932,179.14545241124955,135.46397526021607,134.48794929696405,151.5606161462788,134.14580002901556,134.42941376311222,0.0,133.87141372126686,134.24283904703094,0.0,0.0,134.15901595013216
292,200.79475044812105,150.086416495571,141.0632219482246,184.68581938145343,131.8793114951093,134.52150971229375,181.64598895436848,134.81352152229326,134.5207053252554,179.23639525777176,135.5252897319704,134.51870765765372,152.05731560939822,134.1746802524543,134.45969897957633,0.0,133.90178023404326,134.27309831569576,0.0,0.0,134.1917654733325
293,200.8229955476303,150.23502421463053,141.163537234265,184.74114101523213,131.96635182181464,134.55213256568803,181.7168269469729,134.82293428024715,134.5513319083605,179.32640110351687,135.58651160163333,134.54933179272703,152.55375042643644,134.20351573572307,134.48985325385712,0.0,133.9308401298428,134.30323875320065,0.0,0.0,134.22433435301957
294,200.85143012353467,150.38403301274647,141.26379314213312,184.79607980262327,132.0537691180081,134.58266348095964,181.78709671151927,134.82732514103122,134.58182167848562,179.41528042786962,135.6476409332117,134.57981974349374,153.05037718142464,134.2322347474937,134.51982984020043,0.0,133.96038669280455,134.3333277885315,0.0,0.0,134.25637975239945
295,200.8798538437985,150.5334487559856,141.36383827913193,184.850777572172,132.1414764157356,134.61305525837818,181.8569430644284,134.80149342890414,134.61226342404498,179.5032937697144,135.7086777631461,134.61021489524245,153.54695880730395,134.26083663031636,134.5496703073686,0.0,133.98982093802087,134.36322678107905,0.0,0.0,134.28829458289096
296,200.90839932249523,150.6834495787021,141.46381776362796,184.905374207137,132.2294497398704,134.64330584170324,181.9261761880572,134.77579476488737,134.64251911421263,179.59025348252365,135.7695817142,134.64046995506553,154.1076995678392,134.289320735474,134.57941640133583,0.0,134.0185817822381,134.393072101098,0.0,0.0,134.32103160648143
297,200.93719679521965,150.83297474394152,141.56357889738152,184.9596771163457,132.3169100653909,134.67345865419583,181.99505083434968,134.75021689643822,134.67263198055804,179.6764184603101,135.8303575997471,134.6706283455191,154.65104866062038,134.31775813314158,134.60902110246283,0.0,134.04843516770543,134.42286299469663,0.0,0.0,134.35273658645542
298,200.96604630534227,150.98278645092176,141.6631172996293,185.0138252355256,132.40412152213983,134.7034661458589,182.06337836923885,134.72506051162006,134.70264546775925,179.7616027770935,135.89103495922862,134.70059695397262,155.1805558878861,134.34677559500963,134.63843704575933,0.0,134.07761980599244,134.45245965624318,0.0,0.0,134.3843617457125
299,200.9950767645963,151.13286660927832,141.7627306495889,185.0679554478181,132.49160518704753,134.7333179475065,182.13130136212183,134.70082805376308,134.73255756166878,179.84606349300998,135.95157826594834,134.73051031791988,155.69690617657056,134.39741757154263,134.66779480253547,0.0,134.10729586185712,134.48199960446797,0.0,0.0,134.4168090352825
300,201.02430631577096,151.28356973646112,141.8619627916595,185.1218757665323,132.58085317389276,134.7626236106261,182.19896060442903,134.67757727402184,134.76232047699713,179.92961625457713,136.0120277352517,134.76022944614363,156.19693918277235,134.44788397140462,134.69695777168974,0.0,134.13563878507375,134.5114820756869,0.0,0.0,134.44821762722236
301,201.0537522960672,151.43490673611976,141.96111187833907,185.17572198144825,132.67025125715793,134.79126757249506,182.26616838779648,134.65572149825184,134.79197765604,180.01240694940395,136.0724236376212,134.7898891118438,156.6808771592447,134.4982872566801,134.7260119378134,0.0,134.16512702575017,134.5408011549811,0.0,0.0,134.47948822084328
302,201.08353907787887,151.5865315085732,142.06017494428195,185.22951964682585,132.75945672344534,134.8192589119558,182.3330646820784,134.635432915265,134.82152687899637,180.09458011120498,136.13272552342073,134.81939565025513,157.15378450075872,134.5483931498006,134.75490942679858,0.0,134.19327527174016,134.5700606463345,0.0,0.0,134.5116356396101
303,201.11346644465672,151.73898726893412,142.15914899013382,185.28340148516588,132.84866260240187,134.84664903286176,182.3997875588941,134.6168838761735,134.85091998868592,180.1759528589351,136.19293327322583,134.84879246604797,157.6165967053702,134.5983646774855,134.78369154359163,0.0,134.22252892125329,134.59917090342694,0.0,0.0,134.5427377879282
304,201.1436574139684,151.89192703247417,142.2578768871367,185.3371756445424,132.93767156787737,134.8734447479171,182.4661499867593,134.60035266821245,134.88020037044203,180.25677748149644,136.25300633050108,134.87803128234026,158.06969607053023,134.6481942245474,134.81226530607296,0.0,134.25052305688368,134.62816115976096,0.0,0.0,134.5736983320789
305,201.17412609708404,152.04535848351335,142.35635377272965,185.3909736046517,133.026611421372,134.89965282891268,182.5322890445865,134.58600103254878,134.9093196182088,180.3368723062041,136.313025407597,134.90720139224317,158.51343805013218,134.6979564906932,134.8407613338505,0.0,134.27958250109936,134.65701795780024,0.0,0.0,134.60547302541514
306,201.2048858030564,152.19965834452572,142.45488498135077,185.4449246117296,133.11541484321728,134.92528000454303,182.5983398106884,134.57408543361342,134.93836703524644,180.4164871683872,136.37299043398957,134.93620840088536,158.9486026428629,134.74757571260565,134.86908635910353,0.0,134.30737597441134,134.68581081534745,0.0,0.0,134.6348694425949
307,201.2360549763256,152.35447186508748,142.55315751659384,185.49883705558145,133.20414442067113,134.95029339728097,182.66411571007217,134.56479518917283,134.96724805110725,180.49544146512343,136.43282035492263,134.96504954536735,159.37531933336825,134.79708904596055,134.89723648077168,0.0,134.33628208630702,134.71450342684295,0.0,0.0,134.66445772319165
308,201.2674331952745,152.50980745546678,142.65147888405116,185.552838859144,133.29286256613688,134.9747405989775,182.72975068629992,134.5583050039658,134.9959598263094,180.57387612135832,136.49259600747686,134.993814088408,159.79428875224752,134.8464960462081,134.92525254983127,0.0,134.3644478301505,134.74305911004916,0.0,0.0,134.69407187576138
309,201.29913759508528,152.66586279346626,142.74953364826067,185.6069503090142,133.38130719634805,134.99862818912615,182.7953765925789,134.55469506589444,135.02459160244442,180.65193037620983,136.55227679455106,135.0224071179101,160.20559158779287,134.8957962895073,134.95308568521702,0.0,134.39257792704592,134.77154793865455,0.0,0.0,134.72315145247074
310,201.3311783323484,152.82246080486834,142.8474740944706,185.6612960126976,133.46973533042814,135.0219627016467,182.86080713158933,134.5541971360161,135.05304831502897,180.7294244029747,136.6119031572983,135.0508717102001,160.60972233773532,134.94495151563018,134.9807766215656,0.0,134.4212061574405,134.7999691233222,0.0,0.0,134.75264564234288
311,201.36356479298132,152.9801873660865,142.9452966911456,185.7156841739108,133.55801464903666,135.04471381991158,182.92617290811964,134.5569331985159,135.08141910376287,180.80649659959928,136.6713938852605,135.07920481269062,161.00714304642366,134.99407491707973,135.0083212320459,0.0,134.44850822819788,134.82825007958533,0.0,0.0,134.78160043743492
312,201.39630561107643,153.1380971369853,143.0429978816951,185.77023801937423,133.64627206287247,135.0669622812478,182.9914978247268,134.5554094717323,135.10960859541308,180.88328355517092,136.7308300202411,135.10740326187846,161.39787700435247,135.04301462293256,135.03567059072168,0.0,134.47697626277636,134.8564614340593,0.0,0.0,134.81091359724277
313,201.42940867148172,153.2971678266403,143.14041491360078,185.82497460629463,133.7343753162586,135.08864155239905,183.0569093396952,134.55686432844502,135.137705787586,180.95960597037987,136.790211541359,135.1354637830068,161.78248054390082,135.09188399340397,135.0628655269908,0.0,134.50473448906857,134.88460239023715,0.0,0.0,134.83968448257093
314,201.4629845912442,153.45683280230477,143.23786192455765,185.87991017364,133.8223217711687,135.1098295863598,183.12222094365603,134.56230405521023,135.16561503409736,181.0355994194033,136.84945713042956,135.16338299139943,162.16094854035742,135.1406448183537,135.08985742789451,0.0,134.53304655510547,134.91259980140154,0.0,0.0,134.86858717930085
315,201.496832606034,153.61730148795615,143.3351767481307,185.93516351165903,133.91017335639577,135.13049660698488,183.18755873746943,134.5717682030483,135.1934251584352,181.11139756368,136.9086886908876,135.19115739600787,162.53366410959504,135.18929681015533,135.11673228568992,0.0,134.56123309326227,134.9405611106944,0.0,0.0,134.89739566827524
316,201.53106218704525,153.7785899062057,143.43235572771,185.99054225595503,133.99792722766895,135.15064895338853,183.25294348244293,134.58525034646047,135.2210402965142,181.18682140772432,136.96782491185996,135.2187834058051,162.9008597421789,135.237839705731,135.14339742545755,0.0,134.58812010037437,134.96841307508515,0.0,0.0,134.92610895378778
317,201.565678383036,153.94051178634365,143.52939534320052,186.0461638088752,134.08558050987764,135.17026017006748,183.31849801650696,134.60276906904934,135.2485029519543,181.2620034510668,137.02686576278887,135.2462112039297,163.26275396348922,135.28631141866435,135.16989499540884,0.0,134.6161398956354,134.99615461297,0.0,0.0,134.9547260380019
318,201.60068556769016,154.10369217121152,143.62629208714694,186.10204115673812,134.1730658931613,135.18940286677486,183.3840354767339,134.62426687819402,135.2758555165473,181.3370741882389,137.08581123201336,135.27352932358815,163.5978333329169,135.33467367240397,135.19622309898344,0.0,134.64344295527843,135.0238577246746,0.0,0.0,134.9830196650545
319,201.636087462676,154.26733389879925,143.7230425878156,186.1581864857292,134.260509342026,135.20804999876748,183.44967728956163,134.64972667698726,135.3030480567248,181.4118547454222,137.1447021120674,135.30073389910348,163.92428910690313,135.38292628185738,135.22238076646926,0.0,134.67070465868042,135.051411975729,0.0,0.0,134.75110560376558
320,201.67188715411763,154.43206859010326,143.81980686014342,186.2146111802504,134.3477149044929,135.2262080556915,183.51544094406503,134.67906697663082,135.33003069831452,181.4864743369396,137.20349770378562,135.32772887291193,164.2459767076604,135.4310690883742,135.24832365230478,0.0,134.69847091323828,135.0789261791872,0.0,0.0,134.77915626233982
321,201.70808711192635,154.59771009196152,143.916256024758,186.2714271703536,134.43487267979896,135.24391385855876,183.58134310851065,134.7122000258616,135.3568917789908,181.56095841141385,137.26062746764163,135.35455653073535,164.56306921981005,135.47910196016846,135.274142425934,0.0,134.7249224282279,135.10636297947335,0.0,0.0,134.8081652274579
322,201.74468920508463,154.76406497138345,144.01271439088148,186.32844135939,134.52197952052697,135.26111313600947,183.647500821949,134.74902250206017,135.38362742832896,181.6354331268504,137.31404977458612,135.3812590770356,164.8757302765759,135.52710154569132,135.299751265392,0.0,134.75251569683323,135.13368465368467,0.0,0.0,134.83600866637556
323,201.7816947284684,154.9315755144141,144.1090164115328,186.38576437690003,134.6089041822072,135.2778727057293,183.7137264692816,134.78940644370067,135.41014199896182,181.70971919304336,137.36724769859578,135.40778676379497,165.18411473227874,135.57491435545853,135.3252441681027,0.0,134.78006793327287,135.16089011115844,0.0,0.0,134.86481202863044
324,201.81910441402,155.10026802380014,144.20532576704196,186.4434045158382,134.69564400656273,135.2941697113619,183.78013567668,134.83320653659962,135.43652391094335,181.7839413753732,137.42034417659417,135.434136092767,165.4883692808975,135.6226939427409,135.35053932816166,0.0,134.80689238154173,135.188052436603,0.0,0.0,134.89303309992908
325,201.8570182737045,155.26973207801367,144.30131067946576,186.5013693180304,134.78232413128185,135.31001192212756,183.84674182321675,134.88030444288796,135.46272397624963,181.8582222822946,137.47325852979677,135.4603038438055,165.78863301605517,135.67036353794646,135.37573485158325,0.0,134.83362709164456,135.21509672302096,0.0,0.0,134.92114855264808
326,201.89523607222688,155.44042442856468,144.39730231763951,186.55966560010148,134.93782142196054,135.32543474332485,183.91355747764783,134.93051359474225,135.48873936201122,181.9323824799305,137.5260730618323,135.48633293638665,166.08492212633686,135.71796172105414,135.40075329704527,0.0,134.86080381369456,135.24209641368924,0.0,0.0,134.94918496205042
327,201.9338570940729,155.61192722393034,144.49313548387354,186.61829945576423,135.1037004320061,135.34041884762198,183.98069388985417,134.98368916477364,135.51461341696069,182.00654312970104,137.57849710546688,135.51217517311534,166.37759479727546,135.76545006495348,135.425697053028,0.0,134.88751170814643,135.26901359499956,0.0,0.0,134.97711410529536
328,201.97288004983764,155.784707241486,144.58897958619733,186.67727628033063,135.27080588881796,135.35497407578276,184.0479628122021,135.0396667337367,135.54029867154506,182.08072402081208,137.62747601450124,135.53782892122965,166.6666532813226,135.81286731052177,135.4504924411385,0.0,134.91270964268992,135.29580999060838,0.0,0.0,135.00549973633775
329,202.01230319813487,155.95856678837913,144.68467067095594,186.7366995271566,135.43916466937367,135.3691366524122,184.1154741527212,135.09827917184984,135.56579431923515,182.1549441021576,137.6719390327315,135.56333895374226,166.952211030001,135.8601749953373,135.47524528168674,0.0,134.93876742143252,135.32252204085023,0.0,0.0,135.03275758445355
330,202.05212436276804,156.13376006236817,144.780382222516,186.79637548107505,135.60880464905125,135.38289224297148,184.1832373162107,135.1593227206916,135.59114606656382,182.2293202445844,137.7120179039037,135.5886599192888,167.24668106904898,135.9073732548514,135.49992865666707,0.0,134.96472591388027,135.34918654347626,0.0,0.0,135.06098160080646
331,202.0923409634873,156.30985350134165,144.8759523781893,186.85640653549643,135.77975473613043,135.39627878705502,184.25126094235696,135.22269910444575,135.61630988861563,182.3036719834905,137.74790804553402,135.61379348052225,167.5425934170908,135.9545399028867,135.52456033126367,0.0,134.99015095660047,135.3757652169393,0.0,0.0,135.0880733161463
332,202.1329500307081,156.4873355265447,144.9713892345307,186.9167954461628,135.95181257060557,135.40928646028047,184.31955292059064,135.2881696376595,135.64133423742325,182.3781147205156,137.77978413922804,135.63878821661754,167.83488515692886,136.0015977032401,135.54920272625208,0.0,135.01547568517435,135.40225722684994,0.0,0.0,135.11610506129836
333,202.17394822863164,156.66600190333614,145.06687439539175,186.97754435456096,136.12547107715992,135.42193286404068,184.3881204030314,135.35565377264874,135.66617868364892,182.45266404736293,137.80782725491156,135.66364908348433,168.1235128250957,136.04854688857438,135.57378155548278,0.0,135.04122475048652,135.42866173715672,0.0,0.0,135.1435409557758
334,202.21533187867345,156.84611991672077,145.16225090385635,187.0386548071233,136.30077114323214,135.42741838868895,184.45696981697265,135.42486476034128,135.69089559009024,182.52733472275028,137.8322630476828,135.68833802538697,168.4084328661699,136.0954267113389,135.59840151436583,0.0,135.066826678613,135.4549779101861,0.0,0.0,135.1708920136823
335,202.25709698001293,157.0277250874025,145.25770703408878,187.10012777503627,136.47727291986376,135.42727654991364,184.5262038982553,135.49578488274952,135.71544925334575,182.60223782723776,137.8532966976885,135.712864785379,168.68441796489964,136.14223763716817,135.6230289929677,0.0,135.09241851494463,135.48120490668887,0.0,0.0,135.1987281982683
336,202.29923923088813,157.21262028561344,145.35326347446696,187.1619636769816,136.655246348116,135.4266742089093,184.59563339963057,135.56827811849524,135.73985191485122,182.67719193878,137.87116879118125,135.73728691709505,168.94147631755675,136.18898016944706,135.6476728205411,0.0,135.11690335432465,135.507380047339,0.0,0.0,135.22536480664238
337,202.34175405180875,157.40354181121205,145.4487693985366,187.224162398378,136.8347274355394,135.4256539933063,184.66535993831147,135.64211057992074,135.76420900228743,182.75230672182224,137.88612014434037,135.76157435233978,169.19510449250643,136.23561568700435,135.672385477801,0.0,135.142290134583,135.53346450466566,0.0,0.0,135.25302947699453
338,202.3846366034425,157.59425720410064,145.54424844898224,187.2867233094516,137.0160042518213,135.42425801855387,184.7353872154934,135.71714949161228,135.78840292082134,182.8275936576136,137.8984304661625,135.7857902774453,169.44556510973328,136.2822230351127,135.69712410814972,0.0,135.16761968886962,135.55949577196142,0.0,0.0,135.28058006858365
339,202.427881809396,157.7850194341551,145.6400789393097,187.34964529305904,137.19887149260882,135.42253923650492,184.80571829258213,135.79338188494884,135.8125902172502,182.9030634340668,137.90833733896895,135.80995546554638,169.6926919983395,136.3286851603333,135.7218891989641,0.0,135.1928454825199,135.58539641550462,0.0,0.0,135.30737490751196
340,202.4714843765572,157.97556552388448,145.73593945925427,187.41292675949413,137.38336957332186,135.42054257769675,184.87635561470915,135.8705879964581,135.8367038102611,182.9787259516804,137.91620524110803,135.83404764649882,169.93674069126806,136.37512038636154,135.74672639970024,0.0,135.21850751243517,135.61128086405384,0.0,0.0,135.33480976592077
341,202.51543881719297,158.16614995689977,145.83185802373148,187.4765656746066,137.56927934544868,135.41832654423789,184.9473010281373,135.94877776839732,135.86076896244367,183.0545903384441,137.92226745910563,135.85813719785992,170.17754360107458,136.4214901845271,135.7715851615704,0.0,135.2426140711464,135.63703299133385,0.0,0.0,135.36212833467783
342,202.55973946363537,158.35676925474175,145.92804157126142,187.5405595747877,137.75742732279485,135.41594367305206,185.01855579812943,136.02774234901187,135.88490396863517,183.13076002320688,137.92690530315042,135.88220447828016,170.41524647206472,136.46775581243296,135.79646032048908,0.0,135.26762168197982,135.66272905990346,0.0,0.0,135.38804253021323
343,202.6043804934328,158.5468966334329,146.02451924573495,187.60490559395816,137.94707533934638,135.41345362058678,185.09012063614733,136.10751340744255,135.90904488764895,183.2070522759968,137.93046332918752,135.90632146883263,170.6499915725944,136.51399693096926,135.82139394475698,0.0,135.2925700668739,135.68836847845654,0.0,0.0,135.41434266449394
344,202.64935594442235,158.7373114544188,146.12131723661653,187.6696947100325,138.13880317573052,135.4109044729615,185.1619957121743,136.1878933100092,135.9332179859826,183.28356927966115,137.93322179968595,135.93051385539957,170.88160987637826,136.56013533220147,135.8463313567814,0.0,135.31741239407611,135.71391179149666,0.0,0.0,135.44057455447475
345,202.69465973720543,158.9274862593344,146.21827415674727,187.7347345853233,138.33239459560306,135.40835760155923,185.2341806834436,136.2689337340583,135.9575413992102,183.3603172107448,137.93561512636592,135.95475854546206,171.11034320446558,136.60625102522107,135.87131403555276,0.0,135.34217141143952,135.73939709096976,0.0,0.0,135.4658815436553
346,202.74028568735525,159.11767934984044,146.315586853744,187.80011577254248,138.5278996472131,135.40586369230584,185.30667471054585,136.35044783554517,135.98194433271016,183.43730154879904,137.90004118489682,135.97916985370972,171.3360228631518,136.65226561063326,135.89628622479864,0.0,135.36686998989302,135.7647847438482,0.0,0.0,135.49191853282954
347,202.7862275300293,159.30762280248817,146.41326498698396,187.8658340032385,138.7253699914079,135.40346153338737,185.3794764819009,136.4324411268321,136.0064921365323,183.51452709523892,137.8643566744103,136.00367060016688,171.5587854530751,136.69821963295288,135.92128978604845,0.0,135.39148445672126,135.7901130113399,0.0,0.0,135.5178855042646
348,202.83247893203463,159.49757646587793,146.51131121137098,187.93188471674347,138.9251475637095,135.40119993663694,185.45267743504064,136.5148640747367,136.03119913705845,183.59199798636195,137.8299013364134,136.0282721064371,171.77866456889015,136.74415396591078,135.94626872943485,0.0,135.415557705228,135.8153420838812,0.0,0.0,135.54338289303044
349,202.8790335101268,159.68753710210407,146.60972099633543,187.9982630751537,139.12671424330634,135.39911082144638,185.5260887184316,136.5976731424661,136.05602604650414,183.6697177193159,137.79728262884203,136.05307807984008,171.99579297276208,136.78998990112603,135.97126584447264,0.0,135.439522558414,135.84051039111975,0.0,0.0,135.56875207497097
350,202.9257923893457,159.8772347281734,146.7082935064234,188.0649639858888,139.3307083628089,135.3972241504734,185.59980119246387,136.68138999395774,136.08107401360832,183.7476891649221,137.76717917546517,136.0779948100168,172.21000290572718,136.83576832021674,135.9962752193475,0.0,135.46395242427255,135.8656173256125,0.0,0.0,135.59450616921885
351,202.97293435183053,160.06693154269175,146.80719887094762,188.13198212530068,139.53689935688985,135.395564321125,185.67381187218163,136.76731208032135,136.10624470919151,183.8259145919856,137.7400679697027,136.103069074779,172.42142640489897,136.88153045406827,136.0212412800243,0.0,135.488273207813,135.89066227743766,0.0,0.0,135.62013047581075
352,203.0203602007653,160.25662447480647,146.90641541676894,188.1993119550033,139.7453466151486,135.39415270186254,185.7481174095928,136.85354353473974,136.13158191043203,183.9043956873429,137.71648304266662,136.12829556245052,172.63009492642902,136.92719725557856,136.04620855154835,0.0,135.5124844048816,135.9156446341929,0.0,0.0,135.64488507850388
353,203.06806351173887,160.44604152885256,147.00591804683103,188.26685599463832,139.9561106338836,135.39299984191487,185.8227141139584,136.93969395451967,136.15707707742624,183.98322553743023,137.69698916749823,136.15366571142815,172.82858815754796,136.97285025645257,136.07112192233603,0.0,135.53716781953517,135.94052414826027,0.0,0.0,135.67036359610492
354,203.1160378799614,160.6354473022893,147.105679552645,188.334792114979,140.16956991553104,135.39212093511367,185.89759797547373,137.02579395383856,136.18271879901508,184.0622205547453,137.68200984870393,136.17916846127653,173.02107500491803,137.0184505489971,136.0960270694863,0.0,135.56127932056748,135.96533966597104,0.0,0.0,135.69576824727912
355,203.1642769450692,160.8248389468011,147.20567187327174,188.40302222947932,140.3854796740484,135.39152298941886,185.9727646855504,137.11183700448817,136.2084423493713,184.1414730086408,137.6717837542048,136.20479100600272,173.2109379594536,137.0639993996027,136.12086933312972,0.0,135.58532715440734,135.99009056831255,0.0,0.0,135.72109851362282
356,203.2127743913064,161.01421370447437,147.3058671963155,188.47154014412783,140.60390237977364,135.39121317487155,186.04820965630225,137.19781586562493,136.23433513249336,184.2209824638381,137.66675153474662,136.23046808221156,173.3982050607966,137.1094981148781,136.1457462447324,0.0,135.60928740750924,136.0147363484719,0.0,0.0,135.74595609048555
357,203.2615239725272,161.20329698880516,147.40623878580126,188.5403395465265,140.82490013364614,135.39119894025876,186.1239280452822,137.28372256322115,136.26027898007283,184.30074801054985,137.6671339123074,136.2562361960036,173.5829043762386,137.1549480411896,136.17055299656877,0.0,135.63318329181016,136.03935606992553,0.0,0.0,135.77073854697375
358,203.31051951237944,161.3923567069364,147.5065633588466,188.6094140237421,141.04853399658748,135.3914858340865,186.19991477285905,137.36947646064863,136.28636204027816,184.3807682837024,137.67303619118647,136.28213317425354,173.76506406608996,137.20039131068526,136.19528613595648,0.0,135.65701448739136,136.063909305406,0.0,0.0,135.79584291481777
359,203.35975492132383,161.5813904278213,147.6072138298563,188.6787570827518,141.27486317465087,135.39208031855412,186.27616454364264,137.45521186573492,136.31251769154068,184.4610414878161,137.68458119347122,136.30804154684543,173.94471244201446,137.245788793421,136.2200449125285,0.0,135.68078067612367,136.08835529090427,0.0,0.0,135.82087082097726
360,203.4092242062728,161.7703958539946,147.70797236813422,188.74836216479545,141.5039439748049,135.39298939909418,186.3526718688732,137.54077472237844,136.3386789159763,184.54156541501573,137.701739666482,136.33399998221145,174.1218780228079,137.29114195877517,136.24472451181154,0.0,135.70443414342893,136.1127735852808,0.0,0.0,135.84582174721092
361,203.45892147933145,161.9593708356393,147.80862009027263,188.818222659216,141.7361854111184,135.39422082518365,186.42943108062772,137.62615406242344,136.3649375569296,184.62233747280337,137.7244590506455,136.36004897941078,174.29658958812038,137.3364523139877,136.2693736999164,0.0,135.7280693175362,136.13708320211333,0.0,0.0,135.87029816234437
362,203.50875163281563,162.14803776159752,147.90954244613792,188.88833192543893,141.97092627205575,135.39887276481022,186.50643635661072,137.7114104822652,136.39117569201215,184.70335469999287,137.7526294453406,136.38607215774007,174.46887621698215,137.38176254907182,136.29399035949044,0.0,135.75163854183862,136.16136402832498,0.0,0.0,135.89469684859262
363,203.5588879846703,162.33666896090608,148.0105260936874,188.95868330336,142.20892537460406,135.4572486679539,186.58368173568064,137.79653205026725,136.419521090487,184.78461379373252,137.78605215460928,136.41211178154066,174.63876733358185,137.42703331258497,136.3185208689635,0.0,135.77509394705217,136.18553474308752,0.0,0.0,135.91941407975298
364,203.60923538201004,162.52553994015548,148.1115599098431,189.0292701290794,142.44947855978376,135.51405542439423,186.66107218497493,137.88150640546297,136.49912290643118,184.8661111268437,137.823439353648,136.43821182306377,174.80629274142797,137.4723075919647,136.34304079647356,0.0,135.7990090695494,136.20967555968625,0.0,0.0,135.94405225718356
365,203.65978844266863,162.71409582452367,148.21150118758882,189.1000857503061,142.69296402442313,135.56942106539682,186.7387796964034,137.9662489387265,136.57713344050973,184.94784277360583,137.86336478776082,136.49281729406138,174.9714826556361,137.517545917852,136.3675227198761,0.0,135.82238152149526,136.23374545532715,0.0,0.0,135.96867002484956
366,203.71054193042505,162.9026118438166,148.3106504821395,189.17112353726932,142.9397688832824,135.62354578094596,186.8167087815836,138.05074716150432,136.6535093538271,185.02980452747013,137.90831953506373,136.56716751718187,175.1343677294871,137.56275000981915,136.3919391240936,0.0,135.84563908162295,136.25774378994015,0.0,0.0,135.99314864681182
367,203.76149076183083,163.09080774879726,148.40983678187726,189.2423768978972,143.18909828469606,135.67647709439171,186.89485310696648,138.1351324219835,136.72833646307478,185.11199192375773,137.9579447325739,136.6399372771666,175.29497907820934,137.60792163737818,136.41628845402795,0.0,135.86887682997738,136.28166992230615,0.0,0.0,136.01749750353108
368,203.812630009372,163.2792409908334,148.50925760063933,189.31383929057563,143.44128407219603,135.72826903317682,186.9732062858452,138.21917734115308,136.80169922444966,185.1944002608315,138.01183119723268,136.71143654292771,175.45334830185135,137.65310445047402,136.44059536814632,0.0,135.89204680061314,136.3055232102379,0.0,0.0,136.04184625902317
369,203.86395490628612,163.46763273644237,148.60850502265816,189.3855042319661,143.69624166525898,135.77917711080264,187.0517618981062,138.30301445678433,136.87367974850363,185.2770246185357,138.06957705453405,136.7816276188287,175.6095074946528,137.6983007245647,136.46488482272272,0.0,135.9151486948622,136.32930301075754,0.0,0.0,136.0657471506411
370,203.9154608564525,163.65570147263352,148.70870746260312,189.4572778777759,143.95384413852065,135.8293988226948,187.13051350232007,138.3866336592904,136.94436044975572,185.359859881901,138.13082869632748,136.85048007405717,175.7625692198839,137.7434707926872,136.48907723084528,0.0,135.9381582554834,136.35300868027278,0.0,0.0,136.08996238037577
371,203.9670563460656,163.84372794870723,148.8144947143416,189.52932905356133,144.2134913731537,135.87301343494175,187.2094546516344,138.46988407729188,137.01443653122075,185.4429007560039,138.19516986005763,136.91884695211036,175.90981447389362,137.78861684157982,136.51327627127202,0.0,135.9611230843039,136.37668068768616,0.0,0.0,136.11412503434255
372,204.01891159097173,164.03171325633278,148.9202761093482,189.6015638069626,144.47492251994083,135.91248296322854,187.28857890794708,138.55290228428353,137.08335820299334,185.52614178907064,138.26223394530086,136.9861812592521,176.05495694889183,137.83378361463116,136.53737604482632,0.0,135.98404296416578,136.40027743460234,0.0,0.0,136.1382048128297
373,204.07093512959693,164.21965904313208,149.0260509682879,189.6739760026548,144.73866274080282,135.95178946656745,187.36787985358453,138.65252976381842,137.15124508238944,185.60957739017903,138.33173334890915,137.0524376181621,176.1980297261603,137.8789318058657,136.56145439663553,0.0,136.00735101628692,136.42383954720674,0.0,0.0,136.16220120138397
374,204.1231230663487,164.40756758782,149.13203935781627,189.746559619406,145.00343714418284,135.99112375399667,187.44735110917463,138.9174726749411,137.21810812272065,185.69320184559115,138.4033016346246,137.11782754239752,176.33906642411335,137.92410730932912,136.58592787669184,0.0,136.03061356106468,136.44728391525882,0.0,0.0,136.1861437230917
375,204.17547168820545,164.59544188763442,149.2378016472283,189.8193087521564,145.26869949610057,136.03053874903208,187.5269863379052,139.18499257465388,137.28400784650572,185.7770093396544,138.4765855736443,137.18220864339384,176.47810119763074,137.96931465446815,136.61051029513953,0.0,136.05332502746126,136.47069251467363,0.0,0.0,136.2100320148126
376,204.2279774646181,164.7829992336846,149.34377952714974,189.89221762284163,145.53420926956403,136.07012265901383,187.60677926530187,139.45584735771368,137.34909815164684,185.8609939715448,138.5514466392529,137.24582992713198,176.61507974146247,138.0145167280602,136.63504620341644,0.0,136.07646460558743,136.49402342677044,0.0,0.0,136.23383557646048
377,204.2805513272644,164.97052921576332,149.44997608849184,189.9652805865018,145.79868537498868,136.1099997929154,187.686723685282,139.72888708016234,137.41323597760066,185.94514976964004,138.6275935009303,137.30864261643583,176.75021568295205,138.0597208331008,136.65956210271474,0.0,136.09906264180415,136.51731758937643,0.0,0.0,136.25758408190185
378,204.33333837702563,165.15803762276985,149.55594736765678,190.03849213747912,146.06109189330067,136.15020044349686,187.7667278792025,140.00429786198293,137.47666378975964,186.02947071067152,138.70482324315282,137.37078567230736,176.88345530695565,138.1049806700219,136.68403014069952,0.0,136.12159011132331,136.54053292403026,0.0,0.0,136.28124693194457
379,204.38598205492693,165.34416910799,149.66214058923978,190.11176159226545,146.3206065225506,136.19079081150915,187.84695727279976,140.2822206891231,137.5393770884447,186.11386531786144,138.78296057039591,137.43211641702584,177.0148348219385,138.15031231127838,136.70842228470687,0.0,136.14407091834883,136.5636687797023,0.0,0.0,136.3044290308489
380,204.4387699210559,165.52990921513992,149.76833390159717,190.18525467240136,146.57341080804355,136.23183020155415,187.9273200635107,140.56086192149192,137.60137143020995,186.19849859852195,138.8618561229229,137.49285886021664,177.14430319498385,138.19574044364143,136.7327651313778,0.0,136.16696249654473,136.58676631939798,0.0,0.0,136.32797985851747
381,204.49169937425583,165.71537236080474,149.87475455060843,190.2588807169236,146.81929302079723,136.2734184729859,188.0078104234128,140.83868074673603,137.66273219122843,186.28327878944287,138.94138445313078,137.55304707007144,177.27207346583344,138.24126067781978,136.75711296962697,0.0,136.18980694407136,136.6097832204384,0.0,0.0,136.35144369435267
382,204.54476800243552,165.90085686039336,149.98106552980232,190.33263483005672,147.04928654972292,136.31555717158483,188.0884226429908,141.11736318314047,137.72345073496606,186.368199805858,139.02368952374778,137.6125380734814,177.39809505035038,138.28698495486162,136.7813554752634,0.0,136.21209807726953,136.63276078461735,0.0,0.0,136.3748504608825
383,204.59788921988,166.08608701684386,150.08760857472694,190.4065122826253,147.2712877063055,136.35828711472294,188.16915113385164,141.39509431765748,137.78356212530522,186.4532555861857,139.10537386474894,137.67154080355235,177.5223190855137,138.33299824835316,136.805601998499,0.0,136.234365922158,136.65565651323652,0.0,0.0,136.39816931464108
384,204.6512299913732,166.27509684386726,150.194044067979,190.4805085106769,147.49562087108163,136.40169412441438,188.2499904422868,141.67258857505047,137.84318564495152,186.5384400999192,139.18634589321323,137.72999743043474,177.64495814626454,138.3796430652,136.82976945353008,0.0,136.2565374489339,136.67851182407856,0.0,0.0,136.42146080667254
385,204.7047037940722,166.4658353884708,150.30071647590918,190.5546191189932,147.7228681677686,136.44575998948923,188.3309352494809,141.95167849443106,137.90226301139415,186.6237473617593,139.2733412027006,137.7879365495198,177.76596366745773,138.42796266165902,136.85388480645065,0.0,136.278685289937,136.7012840086287,0.0,0.0,136.44466356428887
386,204.75830894246712,166.65665464598368,150.40739884648067,190.62875612534924,147.9503093502813,136.49050961470735,188.4119803801109,142.2263612848623,137.96090737953742,186.70917144385865,139.3604587845912,137.8454683264288,177.88528876229185,139.9134131963443,136.87797524478674,0.0,136.3017000345115,136.72401453681024,0.0,0.0,136.46780770680144
387,204.8120439244221,166.84758420026083,150.5143240155332,190.7030832884092,148.17760297408736,136.5360179785513,188.4930372553659,142.49562199288377,138.01905873060315,186.79470648667387,139.44758923102174,137.90253233203518,178.00314524226388,139.9647816462299,136.90494136567585,0.0,136.32419505840306,136.7466603765381,0.0,0.0,136.49086219796683
388,204.8658241212424,167.038048946076,150.6212630647427,190.7775126880964,148.40481035613723,136.58224879726313,188.57426838471565,142.75672313150577,138.07674186936683,186.8803467072441,139.53453110749803,137.9592337208039,178.11745972134656,140.01616862315592,136.9507271331621,0.0,136.34615174731272,136.76926280726445,0.0,0.0,136.51388797763468
389,204.9198152365655,167.228696143143,150.7284508058912,190.85204062652707,148.63158171761458,136.62927145504096,188.65558522371825,143.00873476482158,138.13406211580892,186.96608641340663,139.6213612732687,138.01542956056645,178.22960765432583,140.06757337821745,136.9963811154081,0.0,136.36803520189153,136.79182038321386,0.0,0.0,136.5372163985546
390,204.97393268924407,167.41895998543023,150.83565634802872,190.92643741113167,148.85839593012733,136.67703867301745,188.736983218639,143.24903765240822,138.1909573097389,187.0518370262741,139.7080645315097,138.07138368837968,178.3403190031771,140.11901121467272,137.0418744239945,0.0,136.39085847162008,136.8142875024146,0.0,0.0,136.5601222306745
391,205.02817564899053,167.60920130180727,150.94288063207372,191.0008368771636,149.08532884281163,136.72555431786586,188.81845798024287,143.47535622630727,138.24744766225135,187.1377592822849,139.7945322362185,138.12687152582347,178.44954895258164,140.17044925355015,137.08724624312433,0.0,136.41264376017722,136.83665140305726,0.0,0.0,136.5829367769754
392,205.08254344647577,167.79948780215463,151.05036141701967,191.0752416746984,149.3120327587035,136.7748814541338,188.90000528767067,143.68490327529736,138.30363212929504,187.22376456137405,139.8809425749141,138.18207110914847,178.55750712164803,140.22185724637464,137.1324333298121,0.0,136.43440410092913,137.62853441830737,0.0,0.0,136.60569044839278
393,205.1369533626024,167.98927587288827,151.15786474450755,191.1498140472553,149.53858006130835,136.82502212254587,188.98162108959016,143.87606358886836,138.35944695982724,187.3098476091415,139.96709755352146,138.23699716945964,178.6640643557352,140.27331190621248,137.17750821196626,0.0,136.45609036904665,137.65029415975013,0.0,0.0,136.62869802214718
394,205.19156975819183,168.17928555178958,151.26563044702195,191.2244684206834,149.7650472808364,136.87587664270808,189.0632194609393,144.04567812232264,138.4149875768666,187.3960033002249,140.0529927567508,138.2915465144708,178.76942952035114,140.32474821163325,137.2224749828665,0.0,136.47866679651767,137.67198329577144,0.0,0.0,136.65129954569107
395,205.24630991931704,168.36900634795853,151.37342245159326,191.2992021556166,149.99151500970748,136.92753540432477,189.1449610606168,144.1927231962306,138.4701894456011,187.4822266422265,140.13882210934517,138.34585078491372,178.87347453352743,140.37619749563763,137.2672700674433,0.0,136.50025338331028,137.69366056560784,0.0,0.0,136.67390113604546
396,205.30117378643632,168.558578193902,151.48148268152423,191.3740127839276,150.21806773767668,136.97995778502042,189.22676003336892,144.46016762793533,138.52514490090235,187.56851278716096,140.22440141358436,138.39984510547836,178.9764073344967,140.4276589645739,137.3119984758297,0.0,136.52176524387977,137.7152540467254,0.0,0.0,136.69640940942463
397,205.35616144439425,168.7478533932175,151.58957294483935,191.4488980089404,150.44433724701227,137.03309769345842,189.3083541649942,144.72777218162938,138.57978877428536,187.6548570294977,140.30984187340422,138.45361881855146,179.07810078224267,140.4791639428263,137.3565962666705,0.0,136.54373357689494,137.7368053154396,0.0,0.0,136.71885501597933
398,205.41119198184973,168.93704385407267,151.69793733355883,191.5237745221592,150.6703955845673,137.0870121707175,189.38994260718732,144.99471926744442,138.63421069716398,187.74125481649327,140.39506779881688,138.50706849994094,179.17876171539976,140.53063345235833,137.40106686523194,0.0,136.56609012375148,137.75829648063893,0.0,0.0,136.7412687933114
399,205.4664283168607,169.1260883431132,151.80657989702294,191.59880300552484,150.89631525267995,137.14161511425334,189.4715781686869,145.2621689712593,138.68834499171325,187.8276207177667,140.48020534137723,138.5603573908785,179.27826380439618,140.58212656542392,137.44548051477042,0.0,136.5874775940335,137.7797622131192,0.0,0.0,136.76397997214085
400,205.52178950348207,169.31464646602524,151.9151362990771,191.6739001935213,151.12216818265148,137.19696318055492,189.55317721790192,145.5292870717648,138.74227891858857,187.9141128213377,140.56529075076347,138.61338142575931,179.37681260942864,140.63366075808244,137.4897061479365,0.0,136.60927211013836,137.80114231787738,0.0,0.0,136.78626663837187
401,205.5772761509897,169.50276925603336,152.02397569230965,191.74906444817285,151.34802428794887,137.2529640587535,189.63489896911892,145.79637465649137,138.79594639291736,188.0006457535589,140.6502669365975,138.66618806717824,179.47428247997124,140.6851657051068,137.53391401559873,0.0,136.6310155736321,137.8225033583141,0.0,0.0,136.80884957665612
402,205.6328086381103,169.69094284794937,152.13297823002716,191.8242942883596,151.57394925285976,137.30967469136291,189.71665985844552,146.06343849598858,138.84943259261905,188.08721560028792,140.7603448409774,138.71882343730732,179.57087752550754,140.7366830918458,137.5780063443477,0.0,136.65225002236454,137.8438203075785,0.0,0.0,136.8310077091454
403,205.68854881054608,169.87836023666037,152.24227091749333,191.8995082223152,151.79950041675923,137.36707705867514,189.798457568126,146.33016672019852,138.90270848761088,188.1738186142513,140.9874910384331,138.77122125558358,179.66647263902303,140.7881926017182,137.62198572817567,0.0,136.67437337904434,137.8650681388345,0.0,0.0,136.85310112848464
404,205.74441697457468,170.06569933214084,152.35160758040914,191.97486568801816,152.0252028392394,137.42507104223876,189.88028994830736,146.5968188893974,138.95574528827515,188.2604512183846,141.19831367241727,138.82346373897497,179.76127031349884,140.8397541152745,137.6658879388879,0.0,136.69550501263163,137.88625318620169,0.0,0.0,136.87516095182065
405,205.8004141916708,170.2522702911801,152.46124045372505,192.05028520578213,152.25054705837084,137.48371502968808,189.96207519177548,146.86361740930226,139.00866254571184,188.3470301492416,141.39073373648796,138.87548437385743,179.8551458516591,140.89127374640358,137.70971521045405,0.0,136.7165601777327,137.90739295425325,0.0,0.0,136.89712392529634
406,205.85646205756063,170.43889082372831,152.5709209770619,192.12576589037647,152.47596840716164,137.54290470244794,190.04397140629013,147.12945430069382,139.06135613793174,188.43368815601795,141.5633363050377,138.92736385952767,179.94821894527442,140.9428438439442,137.7534363989311,0.0,136.7385531884578,137.9285052486411,0.0,0.0,136.91944360270224
407,205.9127212675932,170.62473447324345,152.68090381261632,192.20130699511776,152.7007488382491,137.60270003354486,190.12589683083652,147.3951303322553,139.11383628416232,188.5200751703512,141.7164552341404,138.979035499356,180.04060824066502,140.9943790778659,137.79708683946726,0.0,136.7595128884374,137.9495781764668,0.0,0.0,136.94169693032177
408,205.9691133060106,170.81046425981478,152.7911933287909,192.2768287614884,152.9264471664199,137.66303634586876,190.20784996833004,150.0404150967331,139.16553727763912,188.60647846338088,144.2575228248847,139.03057865242704,180.13218897869612,141.04595431569203,137.84066845012677,0.0,136.78113592542232,137.97055542544766,0.0,0.0,136.96349301426864
409,206.02563961320297,173.30487729078476,152.90153730741315,192.3524892894405,155.48932447782855,137.72393364887768,190.28982947379336,150.28653730586984,139.21645449356947,188.6928953140852,144.34627325244205,139.08192647925398,180.22315934449372,141.0975308541039,137.88414984661944,0.0,136.80230157915582,137.99153537295143,0.0,0.0,136.98525405341934
410,206.0822229249128,173.47287657109644,153.01219426293207,192.42820879246892,155.6945596896638,137.78523697894434,190.3717553142621,150.53297236131672,139.26654212136938,188.7793231732049,144.45345857721733,139.13315715380088,180.3133946876772,141.14908428009258,137.92759920889156,0.0,136.82298329982817,138.0124436304306,0.0,0.0,137.00694808617953
411,206.1390227087797,173.64119258401675,153.12316866950098,192.5039870409288,155.8995089785657,137.8471433333226,190.45378441003075,150.77878158887495,139.3158927348875,188.86568099323023,144.74995336177383,139.18427567022172,180.4030111720116,141.20063715589683,137.97091859796237,0.0,136.844497298108,138.03330453256754,0.0,0.0,137.0289649477588
412,206.19596155311547,173.80924934247275,153.23420458152162,192.57974551277687,156.10486464258366,137.90945232530893,190.53583674405365,151.02481618580356,139.3645284462878,188.9521241611829,145.04686942559437,139.23521505073052,180.4921237086908,141.25224469802765,138.014209186687,0.0,136.86507199256994,138.05409913467005,0.0,0.0,137.05094563461188
413,206.253041201565,173.97719878757482,153.34556443719572,192.65564131360216,156.30977790008174,137.9722305035597,190.61791156050708,151.27074468841826,139.4124096201303,189.0385716981259,145.34342793038695,139.28605195739382,180.58060716380115,141.3038733993078,138.05743928513522,0.0,136.88650304237308,138.07483953336276,0.0,0.0,137.0724682314832
414,206.3101854562008,174.2118363195734,153.4572529640709,192.7315958594748,156.51470621975218,138.03536322064485,190.70000824064803,151.51684526990715,139.45962463753983,189.1250217255185,145.63963142675516,139.33675500385905,180.6685752765736,141.3554431225403,138.1005771689181,0.0,136.90699504855516,138.09558089920006,0.0,0.0,137.09392250990103
415,206.36755248035803,174.68980968505622,153.56914252460916,192.8076093648436,156.7198963374716,138.09891966479134,190.7820484432272,151.7627873376291,139.50619683123847,189.21147252557583,145.93612669923075,139.38732854671886,180.7561404182744,141.40703251451467,138.1436573860776,0.0,136.92831772659818,138.1162735251261,0.0,0.0,137.1157296814243
416,206.4250658952845,175.16776613632422,153.68136890591455,192.8836044752451,156.92485978450412,138.1628785480965,190.86418780530943,152.00875040584603,139.5520925136666,189.2978448072936,146.23293382420567,139.43777672764304,180.8431767598097,141.45865807797298,138.1867144094781,0.0,136.9487015774185,138.13686770507786,0.0,0.0,137.13746763332426
417,206.48272767270268,175.64822578350606,153.7936694624301,192.95973722541288,157.12982113132017,138.22712348354798,190.94634796164536,152.2547226098933,139.5974244848047,189.3842929084411,146.52922930196982,139.488138897404,180.92979535571737,141.51026057186004,138.22968317217538,0.0,136.9694857700207,138.15746181351034,0.0,0.0,137.15905954888626
418,206.5404626111965,176.128636233077,153.90631377247846,193.0359301623632,157.33465548502326,138.2917758413957,191.02852880313932,152.50068669162457,139.6421333783423,189.47073758519892,146.82544846382362,139.53838324288415,181.01610579283152,141.56185639429583,138.2725980381648,0.0,136.9906661646603,138.17800614422774,0.0,0.0,137.18030269986278
419,206.5984274960696,176.61015216213153,154.01917164412828,193.1121838724837,157.53963541833005,138.35671975479744,191.11065319197053,152.7465189343637,139.68630189910874,189.557177744708,147.12218243316835,139.58851335029735,181.10198137271288,141.6134856776324,138.31542698823603,0.0,137.0113684637766,138.19850035150642,0.0,0.0,137.20189734659675
420,206.65654691346137,177.09053263058362,154.1323818648285,193.1884220950628,157.7444203993021,138.4219345344796,191.192875814618,152.99209568291093,139.7299557925378,189.64361244603853,147.41867373214814,139.6385678313365,181.18753024054263,141.66514551484818,138.35827063773317,0.0,137.0320159702912,138.21894408976556,0.0,0.0,137.2234215728093
421,206.7147462659572,177.57172453162525,154.24594956225076,193.26479971714792,157.9492844031073,138.48744934862177,191.27511947579785,153.23814865922816,139.77307060497577,189.72996409345032,147.71495761987984,139.68851462535648,181.27285899985185,141.7167157977097,138.40099734828553,0.0,137.05308791060094,138.2393123342551,0.0,0.0,137.24451838208117
422,206.7731814603068,178.0527916390373,154.3598799925533,193.34124034409209,158.1541900516034,138.55319622323705,191.35738450387024,153.48383340422106,139.81572635362554,189.81638589515467,148.0112226059015,139.73835685704177,181.3578399343636,141.7683236996431,138.4437076675475,0.0,137.07319619071987,138.259673429094,0.0,0.0,137.26554445208765
423,206.83177766034547,178.53378714267487,154.47390208878437,193.4177448606493,158.35876766472566,138.6191563729879,191.43959489818184,153.72974350724922,139.85792609389458,189.9028002684957,148.30755396349232,139.78813252175465,181.4425781107717,141.8199855165091,138.48636939425987,0.0,137.09418279546122,138.27996376091826,0.0,0.0,137.28730902979905
424,206.8905370746664,179.0151774265366,154.58829456599685,193.4942380293989,158.56369158596215,138.6854120463367,191.5219043159631,153.97557299828986,139.89972297083503,189.9892068310635,148.60386166513365,139.83780935513306,181.5270998663613,141.87162645059718,138.52895024584282,0.0,137.11420593396122,138.30025888350343,0.0,0.0,137.3082247803755
425,206.94938598826445,179.49605238475164,154.70306292057484,193.5708735125092,158.71799403482248,138.75179618047943,191.60423666151,154.22103042252655,139.94114530498297,190.0756053298076,148.90008860419886,139.88739009702135,181.61150771724687,141.92328723721684,138.5715175498903,0.0,137.1350816445494,138.32046742950112,0.0,0.0,137.32910125130556
426,207.0084788149468,179.97725634675456,154.8182127273524,193.6475759015124,159.19555858240065,138.81844335437404,191.686592629741,154.46693344201185,139.98219923870778,190.16191978325097,149.19662143654918,139.9369470878146,181.695672166264,141.97492531698046,138.61403896677447,0.0,137.1550443251381,138.34064565690417,0.0,0.0,137.35071461622545
427,207.06774157196108,180.45837876811,154.9334669310772,193.72434630838904,159.6731065772194,138.8852371193042,191.76889728538663,154.7127680695682,140.02293776710647,190.2483021626412,149.49252945675605,139.98637813138092,181.77969411047928,142.02651614110897,138.65651533161022,0.0,137.19000530662336,138.36079332856153,0.0,0.0,137.37151168041737
428,207.12710107289368,180.93943764697832,155.0493951985102,193.8011104493168,160.15285304835288,138.95216208603338,191.85130317692705,154.95843450554602,140.06336880891888,190.3346764588238,149.78907894576662,140.03575532462605,181.8635964595236,142.07818064830363,138.69894744882188,0.0,137.22463535773923,138.38086576684117,0.0,0.0,137.3922037645097
429,207.18671076645248,181.4204436126172,155.16543627840818,193.8780206875276,160.63265832775062,139.01930642619223,191.93373523828012,155.20383394884104,140.1035237471504,190.4210428967152,150.08533219715372,140.0850461371726,181.94747745698345,142.12981968972434,138.7413360937619,0.0,137.26014389385284,138.40088477643312,0.0,0.0,137.4135621226707
430,207.2464971793301,181.9014031772802,155.2818788894408,193.9550025352968,161.1125364574701,139.08650252286913,192.01619445628856,155.44932336066924,140.14345536604597,190.5073266371795,150.38122627833087,140.13428750301884,182.03120574858607,142.18144970323223,138.7836820141977,0.0,137.29559768602627,138.4208945958482,0.0,0.0,137.43403507396292
431,207.3063876178561,182.38253795679387,155.39858439031747,194.03198228406524,161.5933805845359,139.15384009429482,192.09860689021903,155.69505706390768,140.18317366972312,190.593678732931,150.67764893680544,140.18344680489676,182.11487792327068,142.23306870677723,138.82598593176675,0.0,137.33011496222892,138.4408751555229,0.0,0.0,137.4548312035415
432,207.36653454128563,182.8634035886737,155.51570201873582,194.10911147030475,162.0733008819734,139.22130706551644,192.1811239046961,155.90511501011764,140.22275188203756,190.6800242807319,150.97350000911516,140.2325607502642,182.1985133836744,142.2847004958471,138.86824854331445,0.0,137.36548443520388,138.46080093957926,0.0,0.0,137.47558555045669
433,207.4268649531119,183.34442217628572,155.63338461310502,194.18631615806223,162.55394557974253,139.28889196475913,192.26367139165512,156.38243592338844,140.2621799193856,190.7663639143731,151.26982311237737,140.2815620358953,182.28213065376733,142.3363448514284,138.91050392668382,0.0,137.3999174016721,138.4806922451592,0.0,0.0,137.49590125889634
434,207.48730662982416,183.82520725105653,155.75119911048694,194.2635976932289,163.0350070596737,139.356531562179,192.34625055963105,156.85974037053165,140.3014900297231,190.85262386822828,151.56600690126265,140.33059098951563,182.3658226316846,142.387991427406,138.9526859509431,0.0,137.43522732831022,138.5004838226752,0.0,0.0,137.51693529103494
435,207.5480110104661,184.3061271156552,155.86959164211646,194.3408832082495,163.5154404656827,139.42426760253147,192.42878839379807,157.33927730274183,140.3407544274911,190.9389541965837,151.8619403823198,140.3795110215059,182.44945547259096,142.43966537695957,138.99489554470728,0.0,137.4705071970428,138.52026498805776,0.0,0.0,137.53716672985877
436,207.608905552176,184.78683660298384,155.98827317961144,194.4183228263066,163.99584459022037,139.49203773333355,192.51143499956163,157.8188416187352,140.37994460912088,191.0252810347529,152.15808568654944,140.42839307205494,182.53312044947043,142.49125818877857,139.03703302618442,0.0,137.50480013885354,138.5400601451213,0.0,0.0,137.55768629961807
437,207.66991847813344,185.2676660255565,156.1073979877563,194.49584342215653,164.47658188846955,139.55988517567985,192.59411716226649,158.29846478082484,140.41913237899035,191.1116053498743,152.4539523229949,140.47716978626084,182.61683260802488,142.54288437167068,139.07913242116604,0.0,137.5404102166563,138.55975447557125,0.0,0.0,137.5781957987683
438,207.7312001828305,185.7484479783214,156.22697307359556,194.57337262758,164.95723204144912,139.6278013306774,192.67676242192564,158.77904656329528,140.45057965139057,191.19785438048416,152.74991277740392,140.52598089449805,182.7006061419725,142.59452590075142,139.121194305499,0.0,137.57557672432327,138.57941318115155,0.0,0.0,137.59826638517643
439,207.79267855410265,186.22904390214333,156.34685350382003,194.651059656107,165.43781607689806,139.69577811302568,192.7595200858065,159.25940315188888,140.4768624507475,191.2841771051393,153.04585940450778,140.57468994471813,182.78445440116687,142.64618222926902,139.16325282345178,0.0,137.60978120211897,138.59901545129392,0.0,0.0,137.61927977420797
440,207.8542822409012,186.7097407989022,156.46734972700335,194.7288318623393,165.9183462140294,139.76380793293717,192.84231747217748,159.73965554125664,140.50336772335945,191.3705006261702,153.34183681848015,140.62336750282782,182.868464044074,142.69777021625055,139.2052749998952,0.0,137.64486173502428,138.61865529672363,0.0,0.0,137.63926505336846
441,207.9161605695284,187.1903926201929,156.588164129171,194.80661734767688,166.39882986298272,139.83183042881788,192.9251560150521,160.21984872289863,140.5301507330147,191.45682617343223,153.63767986527847,140.67201506337173,182.95249835504293,142.74938798375408,139.2472613644995,0.0,137.679886347514,138.6381890929096,0.0,0.0,137.6599317562159
442,207.97824184230444,187.6708736892145,156.70945635207897,194.8845643841208,166.8792716338941,139.89989199394643,193.00796407123616,160.7000022640267,140.55727796961946,191.54308191947777,153.92825291353012,140.72056518488125,183.03664248451489,142.80101760009086,139.289246124155,0.0,137.7139742197746,138.65769010263932,0.0,0.0,137.67982968385337
443,208.04045511255487,188.1514410058268,156.8313902540353,194.96260078019444,167.35987835017878,139.96798642823452,193.09088957174072,161.1805073964479,140.58480099967477,191.62941568957345,154.40523986630677,140.76915710513293,183.1209065201924,142.8526332700447,139.3311624323996,0.0,137.7489631479985,138.67717894065115,0.0,0.0,137.7000458067422
444,208.10294862286884,188.6319636038752,156.9494728481629,195.0407279117309,167.84023362390386,140.03610794842723,193.1738606214465,161.66057831211313,140.6127830028291,191.7157554859186,154.88221044611743,140.81765442477376,183.2052997689128,142.9042264177306,139.37307820035133,0.0,137.7838705139721,138.69656260228453,0.0,0.0,137.72018434131363
445,208.1656510690406,189.1123257943006,157.06593516760435,195.11887459034256,168.32073334260858,140.10048317849535,193.25680605678093,162.1409437092889,140.64127852908754,191.8021027317756,155.36152948018093,140.86612739337667,183.28983077066715,142.95585337469365,139.41499402139974,0.0,137.818728717447,138.71598268442648,0.0,0.0,137.74027819512273
446,208.228491895779,189.5927623324632,157.18292520333762,195.197187545016,168.80101235038444,140.1625031446701,193.33987292718223,162.621242817393,140.67033976152362,191.88838646480417,155.8408021164182,140.91457733266975,183.3745073168492,143.00740610507353,139.45684278349418,0.0,137.85314911467214,138.7353180738252,0.0,0.0,137.76036043658948
447,208.29161824413703,190.0731535390099,157.3077396812193,195.2755952728019,169.28141910918575,140.23113768450463,193.42298979820376,163.10148801781227,140.7041572830606,191.97475328662983,156.32111228004203,140.963903543034,183.45933646457885,143.05901567534357,139.49869259976097,0.0,137.88796649528618,138.75464378177026,0.0,0.0,137.78036436446544
448,208.35495919130216,190.5533917147883,157.43497006038427,195.3540269990074,169.76177772258762,140.3025717386358,193.5061581532268,163.58191523982282,140.7415496742065,192.0611320336084,156.80035705187348,141.0146294228492,183.544397273894,143.11064017196682,139.5405440406929,0.0,137.9227529882553,138.77388425704066,0.0,0.0,137.80032300791632
449,208.41844455646785,191.0336942937406,157.56289450839725,195.43262845293083,170.2419460723228,140.3739766320675,193.58930754892097,164.06205802039278,140.77985965773013,192.14745226247567,157.2803637602042,141.06537028076042,183.6295498237218,143.16218752492497,139.5823297138598,0.0,137.9570808923086,138.7931373894801,0.0,0.0,137.82023616645264
450,208.4822203674556,191.5138471514481,157.6913577113234,195.5113285328268,170.72222120651875,140.4453495890861,193.67258356458444,164.54216442330048,140.81912218766678,192.23385979369112,157.76025378184497,141.116089773588,183.714871933856,143.21373122938817,139.6241519826969,0.0,137.99132679043814,138.81232934857834,0.0,0.0,137.84010363994952
451,208.5462160702036,191.99405898222767,157.82020002126336,195.59005685778584,171.20245219958437,140.5167449769911,193.7559154639436,165.02242128540448,140.85936770161595,192.32028395801527,158.24007707584224,141.16682694285078,183.8003679178836,143.2653112949708,139.66590932554166,0.0,138.02602055008194,138.83148442939188,0.0,0.0,137.86031901267685
452,208.6103618473052,192.47412386179167,157.94959764507922,195.6689581364853,171.68251117869988,140.58848128371147,193.8392332235259,165.50245019318487,140.90059807011173,192.40672635916485,158.72027164005604,141.21758314081228,183.88604145134747,143.31686063935567,139.70767024571558,0.0,138.06068333955793,138.85060387449238,0.0,0.0,137.8797342398976
453,208.67480260197624,192.95424271354543,158.079560343451,195.74796164972588,172.16266099157255,140.66002924270933,193.92268147310372,165.98261165536113,140.94285590406793,192.4931173138823,159.19998289949297,141.2683217737981,183.9718955938952,143.36838752235457,139.7507868180929,0.0,138.09531515188723,138.86965992726272,0.0,0.0,137.89982341740813
454,208.73946813929493,193.43421695367545,158.21009811377766,195.82699739364327,172.642767785609,140.73161619088376,194.0061898814794,166.46256879476218,140.98618375935857,192.57960130464537,159.68000381083303,141.31911992064585,184.0579328111876,143.41995555126286,139.7948739631472,0.0,138.1298688253786,138.88870433384272,0.0,0.0,137.91914627890486
455,208.80428899435344,193.91414540896585,158.34139507932372,195.9062090399644,173.12271456589724,140.80312451168317,194.08968882158013,166.94264388094905,141.03054167695083,192.66610839432377,160.15994886031638,141.36986492351875,184.1441549941892,143.47144960891185,139.83895693430634,0.0,138.16396174603378,138.9077466773492,0.0,0.0,137.9391419002946
456,208.8694089388631,194.3941214709838,158.4732904636743,195.9855262369057,173.60273952801248,140.8744366684679,194.17332195059583,167.42267374229633,141.07593270068983,192.7525693460456,160.6398349759146,141.4206719513179,184.23056348291507,143.52298382050034,139.88307412962453,0.0,138.19850289727216,138.92668930789338,0.0,0.0,137.9584052603673
457,208.93475812759183,194.8739552681785,158.60561862814995,196.06487934427952,174.08272128583502,140.9457880915615,194.25701932028525,167.90252389582687,141.12241538651847,192.8391277803341,161.1196721707719,141.47146609308982,184.317159088724,143.5744909274886,139.9271880878066,0.0,138.23298743194678,138.945619558942,0.0,0.0,137.97830657865134
458,209.0002674422473,195.3537412242657,158.73856453483955,196.144410979624,174.5625514240068,141.0170023521239,194.34071168409065,168.38247342679995,141.16995981691306,192.92571418759,161.59946659425984,141.52228657384683,184.4039421137649,143.62596109028462,139.97129915210783,0.0,138.26746664396447,138.96455771552755,0.0,0.0,137.9978012982969
459,209.0660795158317,195.8335689374561,158.8723186371629,196.22405114723452,175.0424493354752,141.0881383093347,194.42454170340287,168.8623803999092,141.21855932567576,193.01225974782847,162.0794265902594,141.57313456273468,184.4909123775192,143.67746124451088,140.01544598942365,0.0,138.3018892374217,138.9834100441517,0.0,0.0,138.0172823281733
460,209.13205454905813,196.31325627231632,159.00671621081813,196.30373055773472,175.52219937968283,141.15919596586724,194.50843979905457,169.34212300629636,141.26816918515178,193.0989071921019,162.55913453355538,141.623972858214,184.5780692363533,143.72893961621222,140.05962923283266,0.0,138.33585275211738,139.00222211070005,0.0,0.0,138.03729714527867
461,209.19833465254288,196.7928937506568,159.14158738402085,196.38359076509025,176.0020115844234,141.23017529798057,194.59233708437893,169.8219506504337,141.3188061100638,193.1855874130665,163.0389872441658,141.67487921725862,184.6654116058569,143.78038700133675,140.10381094886716,0.0,138.36975947470697,139.02099494373135,0.0,0.0,138.05632541179557
462,209.2648504291203,197.27248070321707,159.27730685111305,196.4634921096765,176.4816790453877,141.30107625654185,194.6763752108673,170.30173629994482,141.3704518078274,193.27223198336387,163.51862141642707,141.72573949123603,184.7529379861977,143.83181879210093,140.1480300893381,0.0,138.4045168254271,139.03975270028013,0.0,0.0,138.07602262305346
463,209.33153320661012,197.6745627195935,159.41370677460813,196.543575668211,176.96140353812856,141.37189876796705,194.76048495040607,170.78136793879926,141.42308464415694,193.35898271814173,163.9983833949494,141.7766700126973,184.8406464819952,143.8832513387537,140.19224847624776,0.0,138.43884371845814,139.05849416839223,0.0,0.0,138.0956712245524
464,209.3985239508088,197.7844093451536,159.5508001665261,196.6237718959325,177.44036523541604,141.4426427352116,194.84459776572825,171.2610730898277,141.47667994135043,193.44577088809072,164.47794861925453,141.82763342804185,184.92853482412883,143.9346837209562,140.23650525636555,0.0,138.47311405820557,139.07714886836965,0.0,0.0,138.1145554251554
465,209.46575360032364,197.89264959663112,159.6886003964094,196.7040119507634,177.60986791526233,141.5133080387538,194.92885428083017,171.6706730151672,141.53121029130395,193.5325284409072,164.95762779911806,141.8785920794295,185.0166003952945,143.98605557965274,140.28076200152682,0.0,138.5073793944211,139.09581029246118,0.0,0.0,138.13414074156478
466,209.53315381670387,197.99917829201627,159.82731037793525,196.7844358287529,177.7764722289352,141.58395328714266,195.01318560884707,171.89209641464674,141.58664587670208,193.619396249544,165.32426970590492,141.92958554629948,185.10484024931327,144.03743342067446,140.32505805832693,0.0,138.5416140278792,139.1144078636042,0.0,0.0,138.15328550720352
467,209.6008644188291,198.10414146904648,159.96675811411637,196.86497431871103,177.94049638824978,141.6544020700496,195.0975235476252,172.10947021749286,141.6429547973459,193.70630594491672,165.64708902759304,141.9806148341842,185.19325113295343,144.08880817355586,140.36939398363884,0.0,138.57581800901318,139.1330118868905,0.0,0.0,138.17241541000666
468,209.66874758097063,198.20751438125592,160.10676577983273,196.9455589092196,178.10187590607515,141.72488919694274,195.18200768461244,172.32280162184358,141.70005997965387,193.79318983089115,165.961764441066,142.03164199972557,185.2818295090568,144.1402119143903,140.41373096522204,0.0,138.60999139238967,139.15155159046597,0.0,0.0,138.19185329029946
469,209.73694259023165,198.30951636576128,160.24773147091202,197.0263285112388,178.2608164323009,141.79523823210388,195.26656946293724,172.53249011168927,141.75801211635178,193.880187817109,166.26869584502958,142.082706789498,185.37057157620777,144.19152610019745,140.45806918116966,0.0,138.64413423667713,139.17005025425823,0.0,0.0,138.21088470022545
470,209.8053808248175,198.41011586569783,160.38947977832322,197.1072142416685,178.41751140683036,141.8655077040098,195.35114100710769,172.73851874055555,141.81668719023767,193.96723187934683,166.56824798586896,142.1338101569857,185.459473290755,144.2428342436153,140.50248799193932,0.0,138.6778175222117,139.18853128757092,0.0,0.0,138.22986666695738
471,209.873994380708,198.5093615195117,160.532223827642,197.188147915382,178.5718814028064,141.93575611343857,195.43586085678845,172.94125059117437,141.8761381611029,194.0542546590925,166.8610988533987,142.18495304102515,185.54853038768863,144.29416848717025,140.54690882889955,0.0,138.7123003464456,139.20697088022715,0.0,0.0,138.24918966395006
472,209.94292139973768,198.6072994373638,160.67558695233157,197.26926735424925,178.72410768611692,142.00586574257147,195.52059223669875,173.14064993647048,141.93623563025503,194.1413950879712,167.1475203541217,142.2360971075966,185.6377383992288,144.34543582482624,140.59133182401493,0.0,138.74592455506266,139.22536879994774,0.0,0.0,138.26842822688909
473,210.01202519639955,198.7039733733579,160.81998224954015,197.3504356051657,178.87427651637162,142.0759537965147,195.60547321529177,173.33704967278914,141.9969873967952,194.2285854710625,167.42776293175086,142.28732170059155,185.7270926764049,144.39669420397283,140.63583703258283,0.0,138.77997386117505,139.24374855268263,0.0,0.0,138.28695583709856
474,210.0814433794776,198.8047960805157,160.96522968759967,197.4317899960781,179.02246889884177,142.14590253750353,195.69043565351097,173.53039937113397,142.0584049101857,194.3157587745721,167.70237559259286,142.3385491129719,185.81658840638465,144.44794986634136,140.6803050158902,0.0,138.81399301533258,139.26208623253993,0.0,0.0,138.30614539471892
475,210.1511077645337,198.91757952785096,161.11134704060296,197.513262068573,179.16876100441988,142.2158291421786,195.7754120929941,173.7209174813041,142.12035329542715,194.4030529369261,167.97154581714105,142.3897799671782,185.9062206334352,144.49917959373502,140.72485614886003,0.0,138.84798210109224,139.28035780656106,0.0,0.0,138.32526707095795
476,210.22095088376105,199.0289858619222,161.25855883966707,197.594784060938,179.31322454829828,142.2856745850854,195.8605395415869,173.9088093301784,142.1828438450798,194.49040058031648,168.23544770115885,142.4410940823385,185.99598427706889,144.55035329786077,140.7694105593705,0.0,138.8819412060932,139.29864719303404,0.0,0.0,138.34401686984145
477,210.2911092018596,199.1389399854262,161.40647324592612,197.67649221008296,179.45592713364442,142.35543856382372,195.94575017671207,174.09400719398343,142.24589165128913,194.57773498743805,168.49453973412304,142.49245288832452,186.0858741484332,144.6015811728485,140.8140087804752,0.0,138.91589639902983,139.31688128936895,0.0,0.0,138.362750492349
478,210.3614471774773,199.24736761638425,161.5557341846063,197.75831838145123,179.59693256202698,142.42512076957306,196.0309768501212,174.276702811576,142.30935902839065,194.6651930883555,168.74885427234187,142.54381744400743,186.175884968434,144.65276134314212,140.85865123678008,0.0,138.94982183257923,139.33507245195315,0.0,0.0,138.3817539261462
479,210.4321007442084,199.3544230797857,161.7057371783103,197.84019513603832,179.7363011127323,142.4947208888967,196.11635550924865,174.4569924748057,142.37326212877397,194.7527078147869,168.9988045361439,142.59522819514132,186.2660113863394,144.70392669423956,140.9032975950719,0.0,138.98411606930514,139.35326817035022,0.0,0.0,138.40074047857578
480,210.5030021583553,199.45995365058548,161.85692507313584,197.92225761987308,179.87408980198862,142.56423860578724,196.20181864152423,174.63496665612988,142.4375675017901,194.8402127552532,169.24439727218515,142.6466459895842,186.35624799180064,144.7550167472618,140.94802961447752,0.0,139.0179844933134,139.37144431615516,0.0,0.0,138.41957445780048
481,210.57408439161748,199.56411020172047,162.00910905620853,198.0043707689508,180.0103526127277,142.63373234076315,196.2872994109273,174.8107936720982,142.50224290394652,194.92784382421115,169.4860084628484,142.69815151514447,186.44658933628145,144.80608990855848,140.99272504117542,0.0,139.05230643009406,139.3895287209292,0.0,0.0,138.43813942702798
482,210.64548224068287,199.66681478019729,162.1623110412219,198.0866692330132,180.14514070960925,142.70314304737894,196.372932698756,174.98438654920622,142.567257388714,195.01553425498952,169.7236246691776,142.74935100914615,186.5370299429556,144.8571785897487,141.03750688601963,0.0,139.08614234458537,139.4075933558406,0.0,0.0,138.45697273941005
483,210.7170613104328,199.76799095471137,162.31677396354945,198.16908530424428,180.27850263056777,142.7724116740851,196.45858432862065,175.15590491271402,142.63258137832707,195.1032179347704,169.95750115352774,142.7997909911854,186.62756432440835,144.90824847354207,141.08229334170903,0.0,139.1204062408101,139.42561403282048,0.0,0.0,138.47582331489645
484,210.78895586849595,199.8677848738308,162.47230499142526,198.25155197137,180.4104844674032,142.84165540083336,196.54438869845828,175.3254201993824,142.698186718226,195.1910297554202,170.18787750710987,142.8494816159716,186.71818699625769,144.9592722860833,141.12712576558394,0.0,139.1542102197584,139.44366309862386,0.0,0.0,138.49458709531666
485,210.8610986184304,199.96604526007584,162.628928085051,198.3342027959124,180.5411300254455,142.91081519634173,196.63027870016745,175.49299995151404,142.76404671568864,195.27890324687985,170.41471654534624,142.8985558406964,186.8088924890087,145.01028281551157,141.1720044876284,0.0,139.18795919430903,139.4616434308463,0.0,0.0,138.5129795606512
486,210.9334229794471,200.06284286223823,162.7868951179466,198.41690381645145,180.68794263885013,142.97989078227198,196.71618790107905,175.65870810532397,142.83013616391085,195.3667725899384,170.63824035611125,142.94700157038028,186.89960856047227,145.0612567718195,141.21692982459388,0.0,139.22210041040358,139.47957924317433,0.0,0.0,138.53135471745762
487,211.00606208864664,200.15824718919907,162.9460088963164,198.49978809809107,180.83460094761924,143.04888189706358,196.80224963342764,175.82260524417214,142.8963746554916,195.45477164897423,170.8586584480373,142.99491850377055,186.99046358632287,145.1121887080067,141.2618602317806,0.0,139.25584642747202,139.49754296805236,0.0,0.0,138.549996259597
488,211.07888270579508,200.25210840209328,163.10652767128084,198.58278837159745,180.97970986065783,143.11784706517096,196.8883307783165,175.98474883370923,142.96285301060198,195.54276793733487,171.07591657571757,143.04233788901485,187.081385247732,145.16312318396044,141.3068795516335,0.0,139.28956399924778,139.5154132918518,0.0,0.0,138.56865465101723
489,211.1520174421856,200.34456838613585,163.2680166663101,198.66583805830984,181.1231984221997,143.18666854586178,196.9745641830067,176.14511606402937,143.02949418351565,195.6308948553602,171.29021089931547,143.08939336708167,187.17236826000803,145.21404026224002,141.35186208316605,0.0,139.32325326551947,139.53326271110117,0.0,0.0,138.58722530806466
490,211.225333388589,200.43547909467145,163.42844319801608,198.74906914473183,181.26521953611729,143.25418240573174,197.06088314788084,176.30391422591245,143.096221198585,195.7190863083128,171.50164528779587,143.13608568129567,187.26340741419972,145.26489763112036,141.39697633869227,0.0,139.35691436985098,139.55111529980684,0.0,0.0,138.605777759295
491,211.29896263065544,200.5249097170116,163.58653688293657,198.8323487818406,181.4056992410761,143.31533905115162,197.1472216483673,176.46111458985922,143.15586076721843,195.80727685007471,171.7103178291645,143.18248390380884,187.35449758389683,145.3157281322007,141.44205372886807,0.0,139.39057368614314,139.56889817308638,0.0,0.0,138.6239594396877
492,211.3728384483233,200.61292857781768,163.75366472760618,198.9158084618176,181.54456469467297,143.3853391162935,197.23371146985835,176.61740800517543,143.22489886137882,195.89559884844925,171.91632126968625,143.23511437980125,187.445633735213,145.3665380637214,141.48722132602214,0.0,139.42466422548878,139.58668381789172,0.0,0.0,138.6420881637692
493,211.44689483537235,200.69939046633988,163.9221168305943,198.99938136163155,181.6819631344877,143.4552614940921,197.32028622913663,176.7904804670273,143.29390410207185,195.98398649978188,172.11982313063316,143.28975020383152,187.53681093695727,145.4173117958303,141.53239434066333,0.0,139.4587537133676,139.60441218499795,0.0,0.0,138.66051593222085
494,211.52126276069149,200.7843646745528,164.0994687877315,199.08300134979945,181.81774694070128,143.55077744887114,197.4068802158025,176.96171120498263,143.36292872251505,196.07237464785817,172.32074645663994,143.34455968658472,187.62802436476352,145.46806286168606,141.5776153976935,0.0,139.49275083374667,139.62213052289763,0.0,0.0,138.6789250572435
495,211.5958104832276,200.8678495749935,164.27856753015632,199.16679884848327,181.95206060639927,143.7188940214719,197.4936241582156,177.13125838617373,143.43202664911254,196.16089462736736,172.51925065121816,143.39956250762947,187.7192693135463,145.51877579684404,141.622927705255,0.0,139.5263287485294,139.63982684962315,0.0,0.0,138.69728038780238
496,211.67066845229823,200.94984409391992,164.45749588361423,199.2506421341369,182.08475707170285,143.8886490767029,197.58038677863428,177.29905347370982,143.50106773299456,196.2494156820115,172.71533309545362,143.45486403415674,187.8104757939216,145.5694568288284,141.6682455330696,0.0,139.55990585488945,139.65745168261387,0.0,0.0,138.71561685907864
497,211.74570526396403,201.0304176049948,164.63625140975785,199.3346611386389,182.2159785485036,144.05982653652677,197.66729832348724,177.46502866042056,143.57010751907762,196.33806867689412,172.90922096819563,143.5105196850125,187.901770341869,145.6201120588974,141.713611908566,0.0,139.59345603723887,139.6750787641542,0.0,0.0,138.73391682485706
498,211.82105084918024,201.1094304271996,164.8148317009959,199.41878949863184,182.3455790006768,144.23298603048391,197.7542278135646,177.62933539141557,143.6391407919355,196.4267881843519,173.10090381728338,143.56653235481832,187.99308305780303,145.67072622480467,141.7589834843339,0.0,139.62746627731502,139.69268354079995,0.0,0.0,138.75216257111418
499,211.89663908640927,201.18695349526607,164.99349916568016,199.502961544558,182.4736278093804,144.407918077298,197.84130501452995,177.79183054879988,143.70816307166686,196.5155094249137,173.29044626957264,143.62299201108578,188.08440976420195,145.7213464842608,141.80444719962054,0.0,139.66145039285146,139.71024133960236,0.0,0.0,138.7706576268112
500,211.9724045664761,201.26298846399663,165.172253019532,199.58730614860465,182.60019327223523,144.5844007023327,197.92846407192715,177.9526622259442,143.7771081111126,196.6043622341508,173.47790994237116,143.67988810467642,188.1757464304145,145.77189673735108,141.85689441212713,0.0,139.69497421637104,139.72780060996138,0.0,0.0,138.7884801447638
501,212.048476118453,201.33753777475283,165.35082669501216,199.6716927261744,182.72513116510544,144.76329348249092,198.01563980598016,178.11168721873713,143.8460974925444,196.69321685919323,173.66335363380352,143.73729934435914,188.2670891727649,145.82240993129005,141.91014043512328,0.0,139.72886345681286,139.74526430442728,0.0,0.0,138.80663430092895
502,212.12472352224543,201.41060469580097,165.52948427112815,199.75624966565547,182.84851017875008,144.94356027514718,198.1029609360038,178.26905079377076,143.91500359160295,196.7822026684992,173.85234715545812,143.7952510964597,188.3584342634557,145.8728781856313,141.9635891746427,0.0,139.76233733374252,139.7627532445704,0.0,0.0,138.82440086823422
503,212.20127509387453,201.48219335216604,165.7079582257261,199.840846711268,182.9703981315624,145.12635713460537,198.190297572109,178.4246101836959,143.98388678836488,196.87125461609423,174.0528307754046,143.8537114465847,188.4497136347053,145.92331426142923,142.01712195103036,0.0,139.79676173020297,139.78744492759714,0.0,0.0,138.8424631905054
504,212.27800095854585,201.5523087554014,165.88624638544655,199.9256117693311,183.09065342897176,145.31090599561608,198.2777779551415,178.57850829792517,144.05274550124665,196.96030830765105,174.25121695827303,143.91274266698233,188.5410530413152,145.97374443732275,142.07085414259126,0.0,139.83021139650236,139.81739344288178,0.0,0.0,138.8605058005969
505,212.35502892260536,201.6209568271536,166.06488243530868,200.01047908045865,183.20934476137148,145.49754112101212,198.3653366732622,178.7306032756012,144.1215785945741,197.0494920827625,174.44744817930396,143.9722989303075,188.6323845550268,146.02413356583884,142.12466544401136,0.0,139.86366226258843,139.84739111424892,0.0,0.0,138.87852862623822
506,212.43229348638727,201.6881444203671,166.243062155865,200.0953835792201,183.3264712518489,145.68661519457766,198.4529089893876,178.88103608915992,144.1903744089956,197.1386772077641,174.64146720045534,144.0324327775463,188.72370508607628,146.07447321883728,142.17861254774772,0.0,139.89711458839983,139.87736490923675,0.0,0.0,138.89649615001682
507,212.50972986452467,201.75387934062533,166.42131986827556,200.1804521286703,183.4421012248349,145.87760391094275,198.54062210931872,179.02966620275032,144.25928744556052,197.2279915563672,174.83343251515365,144.0930857080794,188.8150117084376,146.12474279359452,142.23275352895038,0.0,139.93146729282944,139.90731397106623,0.0,0.0,138.9144436791859
508,212.58746477804152,201.8181703565785,166.59965519351817,200.26555563388607,183.5560973271353,146.07116226838926,198.62834724656884,179.1765637060427,144.32804278051108,197.3173704785598,175.02321187337822,144.15430223573142,188.90612645078176,146.17498854963745,142.28696567118504,0.0,139.9652605549331,139.93729973339126,0.0,0.0,138.9323356311607
509,212.66536955076668,201.88102721480664,166.7777978259749,200.35082048036628,183.6685292624797,146.26675101072237,198.71621113378487,179.32179773111466,144.39682420835007,197.40674997618453,175.2109597516319,144.2160130271782,188.9970768494437,146.22523671917452,142.3348057808089,0.0,139.99866831383883,139.9672725509533,0.0,0.0,138.95020737958436
510,212.74357039860348,201.94246064688843,166.95574595959988,200.43611791303712,183.7793985381295,146.46504629022618,198.80414881481693,179.46522995100702,144.46556888194817,197.4962569024181,175.39661385641725,144.27536729460263,189.0879412808597,146.27543219798395,142.3822286313222,0.0,140.03254202204536,139.99719621665724,0.0,0.0,138.9680588529687
511,212.8219389991349,202.00248237604328,167.13376892031835,200.5215738445625,183.8887073786169,146.6654921363448,198.89209601287013,179.6069301345446,144.53415026054415,197.58576355538645,175.58011295707794,144.3300817936427,189.17884477182952,146.32554597335033,142.4297570627794,0.0,140.06639235475402,140.0271668019531,0.0,0.0,138.9858543717047
512,212.90060106776343,202.06110511830863,167.30906617710093,200.60712315043645,183.9964587682576,146.86607764514162,198.9801784336697,179.74689907537743,144.60159347188556,197.67539632656408,175.7616060775528,144.38496272441847,189.26972148691692,146.3756460845418,142.47729674495022,0.0,140.09978231224926,140.05711153708015,0.0,0.0,139.00362940801867
513,212.9794286372236,202.1183425824856,167.48754624436177,200.6927014046848,184.1026564872651,147.0722333636764,199.06826841146503,179.88520601610918,144.67062595911088,197.7650909741295,175.94096053322653,144.4505579238902,189.36056948987627,146.42573038551566,142.52489318689868,0.0,140.13361306751904,140.08705509994115,0.0,0.0,139.0213660546044
514,213.05854692346043,202.1742094692286,167.66610307694629,200.7784334914388,184.2073720065494,147.28138373631404,199.15649118603503,180.0217163935131,144.7396278466411,197.8547839102696,176.11825341625183,144.51709162638045,189.45138700794325,146.47572345043864,142.5725926594309,0.0,140.1674478734769,140.11699831618736,0.0,0.0,139.03906419243722
515,213.13782831914625,202.2287214599696,167.84446259570902,200.86419183847053,184.31047686353784,147.49258872487465,199.2447194147293,180.1565006397685,144.80853604369346,197.9446005158434,176.29356040155488,144.58381889524438,189.5421094664856,146.5256789972742,142.62029963690293,0.0,140.20293020364682,140.14691505292365,0.0,0.0,139.05672370288556
516,213.21739754268515,202.28182981012867,168.02317264482528,200.9501008631572,184.41204448519068,147.70726275533116,199.3330778734293,180.2895615641706,144.87741842658647,198.0344141345612,176.46674928818004,144.6507110919441,189.6328615180313,146.57563038317912,142.66810789093623,0.0,140.23854083612693,140.17685403646286,0.0,0.0,139.0743802360135
517,213.2971900377829,202.33368321191463,168.20140961287686,201.0360333418644,184.5120821385955,147.92409247539297,199.4214395472054,180.42090261688125,144.94621187466814,198.124349688762,176.63796375428367,144.71780872956094,189.7235787202741,146.62547252428655,142.7159690133219,0.0,140.27416724861777,140.20679111676816,0.0,0.0,139.09257575546877
518,213.3771419601344,202.3842345749979,168.3797222154075,201.12211322664243,184.610598020174,148.14417320058692,199.50992874879225,180.5505945938349,145.01498490568167,198.21428081892824,176.80707278059913,144.78502228524485,189.8142599297348,146.6753222911662,142.7638338180863,0.0,140.30911747411528,140.2367261107113,0.0,0.0,139.11013763051355
519,213.4573769716256,202.4335034065518,168.5581111502218,201.20821364794188,184.7076012718988,148.36720945394734,199.5984812588964,180.6785088311883,145.08367438294547,198.3043319908455,176.97415077894726,144.8523303601052,189.9049041549852,146.72511077833988,142.81179721857632,0.0,140.34541494859425,140.26665883501505,0.0,0.0,139.12802551706258
520,213.5377686901722,202.48151013005744,168.7356283440279,201.29445809309024,184.80310199399324,148.59287395101742,199.6870335373268,180.8047178109692,145.15228306506992,198.3944394983332,177.13927116242718,144.91971396658158,189.99544819776625,146.77481375674543,142.85981021542162,0.0,140.3803963908389,140.2965891062586,0.0,0.0,139.14552692096635
521,213.6184402871756,202.528211615846,168.91371077939317,201.3807822597816,184.89704596056492,148.82100337340665,199.77570889223932,180.9292279573544,145.22053186853736,198.4845402907045,177.3023049202604,144.98556322925677,190.08601625865964,146.82456242187092,142.90787171414672,0.0,140.4153660384138,140.32651674088112,0.0,0.0,139.16300702398175
522,213.69926574706372,202.57375922706467,169.09206841727797,201.46712254270045,184.9895760405604,149.05263649427445,199.8643814570314,181.0520465217231,145.28932592241532,198.5747578371621,177.46332598607376,145.05364670867817,190.17654524053304,146.87417094123464,142.963909416619,0.0,140.4522456508411,140.35645452586115,0.0,0.0,139.18042979782098
523,213.7803677548696,202.61811128192537,169.2705093355681,201.5536014250515,185.08063972885512,149.28730215955096,199.95317408307864,181.1731816135099,145.3581199687458,198.664966848566,177.62234095813935,145.12166916781587,190.2670347289869,146.9238017092478,143.02160985728088,0.0,140.48722462975886,140.3863524600015,0.0,0.0,139.19784906488064
524,213.8616206659624,202.66129164030585,169.44849476360054,201.64009324560527,185.1702510298138,149.5247317770071,200.0419612405622,181.29264222157195,145.42658697138745,198.7552903421825,177.77935679103138,145.18975892759428,190.3574844435048,146.97332318813096,143.07945931340615,0.0,140.5235616938746,140.41627044890515,0.0,0.0,139.2152287818243
525,213.94314667988937,202.70326124512232,169.6269420609294,201.72672003172093,185.2584249231712,149.76508796384144,200.13086532785363,181.41043823484463,145.49535603936445,198.8456033366341,177.9344470334561,145.25752500814116,190.4478324976867,147.02285925848253,143.1375163364327,0.0,140.55857480630632,140.44618506495453,0.0,0.0,139.23256883345394
526,214.0248205258587,202.7441732126127,169.79627273881457,201.81335648450872,185.3451773639576,150.00238542173724,200.2197611557,181.5265804581234,145.5613897525014,198.93602839973352,178.0874869944728,145.32575067202495,190.5382025355432,147.0722565911293,143.1956328369096,0.0,140.5942773342701,140.4760961239578,0.0,0.0,139.24988714616222
527,214.1067639210996,202.7839896966242,169.95531190891904,201.9001241768493,185.43052527277104,150.2285378530134,200.30877066966823,181.6410806284868,145.61056491595508,199.0265023938907,178.23855140464426,145.37829109211162,190.62853273359693,147.12169923182637,143.2539367377938,0.0,140.62997147815565,140.5060034416123,0.0,0.0,139.26752923220894
528,214.1888519703417,202.822674319694,170.11421307051427,201.9868981739666,185.51448652513068,150.45688395635673,200.3978304399384,181.7539514225697,145.65972976981575,199.11696284048105,178.38764921437024,145.42686485771483,190.71882331664185,147.1709957067459,143.31191076356242,0.0,140.66498293086988,140.535930660518,0.0,0.0,139.28511287170323
529,214.2712059131639,202.8603813085533,170.2732294664209,202.07379959725472,185.59701622954208,150.68756103877485,200.486877717966,181.865206465638,145.7088523679081,199.2075313248492,178.53478999583203,145.47543724961184,190.80901332260743,147.220307985997,143.36082832585606,0.0,140.70194842086337,140.565855332702,0.0,0.0,139.30232898631567
530,214.3537012313793,202.8970752847163,170.4323652214197,202.16070387975844,185.67826181204933,150.919855228666,200.5760334657301,181.97479628965536,145.7580041149924,199.29808396043492,178.67998398401932,145.5240101883603,190.89922599090409,147.26952709234706,143.40979612881924,0.0,140.73700019144334,140.59575034399492,0.0,0.0,139.31952303041965
531,214.43645868967252,202.9327222617165,170.59137256443913,202.2477316934951,185.758179964643,151.15334195129557,200.66517366826267,182.08286475494543,145.80711880880875,199.3887418885433,178.82324211036888,145.5725857033798,190.98940039016307,147.31873735036186,143.4644072785164,0.0,140.77342463764154,140.62564087559258,0.0,0.0,139.33669493634315
532,214.5193541512025,202.967477198916,170.7502551438571,202.3347588410857,185.83679223633368,151.3874853213371,200.75441884192347,182.189364064402,145.85619899181629,199.47938154158092,178.9645760414363,145.62112951130408,191.07953717967064,147.55724065109953,143.52385057257902,0.0,140.80851471671957,140.65555221743244,0.0,0.0,139.35382650361774
533,214.60250790759488,203.0012444117865,170.90901734113956,202.42190554727983,185.9140580119497,151.62161606216736,200.84364532246363,182.29431164914976,145.90531760574498,199.57012361996777,179.1039982029631,145.66967992491132,191.16963711823263,147.9795817898161,143.58351285116711,0.0,140.84495410693907,140.68545876390783,0.0,0.0,139.37124384260753
534,214.68579620573013,203.034179363519,171.06791872716684,202.50910871367165,185.99012688955835,151.8549061464661,200.9329731818244,182.39772588085287,145.954408060789,199.6609055878462,179.24152180943236,145.718239331997,191.2596403919109,148.40231833530115,143.63734964556735,0.0,140.8800563920494,140.71533480109153,0.0,0.0,139.38892040910278
535,214.7693388680376,203.0662499608124,171.22696741201665,202.59630594191933,186.06495965252705,152.08634018865845,201.02227910892583,182.49962606291243,146.0619487586729,199.7516655697824,179.3771608854736,145.76681026949146,191.34966946240905,148.8246602971746,143.6949775090512,0.0,140.9170968121406,140.74524425510472,0.0,0.0,139.4059492436067
536,214.8530125280925,203.0974253480979,171.38591707142106,202.6836164823761,186.1385811755384,152.31428658398912,201.1116827335761,182.6000324172163,146.3090802835372,199.84252330168715,179.51093028252737,145.81535817595895,191.4396645002777,149.24734254858288,143.75584089562795,0.0,140.9529107848413,140.77515858755694,0.0,0.0,139.42295551914006
537,214.93693654334183,203.1278610381227,171.5447764095491,202.7709173817342,186.21095478352933,152.53767157633206,201.20106110146227,182.6989033678749,146.5575453555046,199.93335632982533,179.64284569903208,145.86388524190204,191.5296266116638,149.66968870060003,143.8091815744337,0.0,140.9887463269257,140.8050671664634,0.0,0.0,139.43993916929216
538,215.02104822458503,203.1574648713905,171.70355564797384,202.8583274497421,186.2822317429016,152.75473344394277,201.29053340231363,182.7963865870015,146.80727018278353,200.0242839538258,179.7729236879426,145.91243152983984,191.6194967657068,150.0923242936362,143.85223320975376,0.0,141.025273020571,140.83497195454885,0.0,0.0,139.4575870348869
539,215.10528559820835,203.186392387319,171.86252455533312,202.94572411121624,186.35237653191703,152.96133706787222,201.38003720658384,182.89244199948112,147.05713961999322,200.11518404961456,179.9011816694544,145.96100027938314,191.7093968319089,150.51456903680656,143.89536335175444,0.0,141.0604558248723,140.86484522513825,0.0,0.0,139.47448840848796
540,215.18976702426224,203.2145524303669,172.02144096069418,203.0332257378384,186.42135504773813,153.16088446251007,201.46951076637333,182.98709333195308,147.30636503375078,200.20617548242728,180.02763793389158,146.00955673256732,191.79926772610395,150.937164946434,143.93858611536,0.0,141.09700110861846,140.89473809023318,0.0,0.0,139.49140340789094
541,215.2743704188032,203.2421003734742,172.18032150449872,203.12071013410963,186.4893195910826,153.36039453603374,201.5590723144124,183.0803031068948,147.5540099849442,200.2971364596024,180.1523116479329,146.05810383200938,191.8890508852056,151.35931112370378,143.98196006310778,0.0,141.13222748590977,140.9246484167001,0.0,0.0,139.50825898411597
542,215.35921368494223,203.26894590744325,172.33918576433746,203.2082952365308,186.5562369959437,153.55991784210892,201.64860009822547,183.1722209892785,147.79897320912994,200.3881854146988,180.27522285249043,146.10668356146368,191.9788678326314,151.78175682450626,144.0254707541603,0.0,141.169380395642,140.95455232364657,0.0,0.0,139.52577683345757
543,215.44417513426885,203.2952440442688,172.4980568253814,203.29585923256124,186.62207543463563,153.75950899338517,201.7382119165225,183.26281080433333,148.03997276311898,200.47920088891576,180.39639246061043,146.15526117882993,192.0686599248777,152.10708710212637,144.06917352934542,0.0,141.20462700790506,140.9844259435499,0.0,0.0,139.5425859768086
544,215.5293722171983,203.3209051667043,172.65696198552791,203.3835196247617,186.6869878607376,153.95885644312906,201.82778638182904,183.35203782601408,148.27507874320509,200.570300887464,180.515780153839,146.20384051326795,192.15842870589333,152.41648227630614,144.11309925464468,0.0,141.24127126934752,141.01431857190477,0.0,0.0,139.55935366814222
545,215.61468364446017,203.34608373100684,172.81567060540476,203.47115498550195,186.75088205189823,154.15838783734603,201.9174408607051,183.44005305369592,148.5030922873208,200.66142379662384,180.6335330064381,146.25246552403135,192.24811627896372,152.7258635280314,144.15734793764133,0.0,141.27791300309676,141.04425163129054,0.0,0.0,139.57722668331158
546,215.70022641717705,203.3706906557516,172.9744821245557,203.55888238653,186.81391140508043,154.35817117868928,202.0070543318825,183.52682287485044,148.72214461984728,200.75250866643543,180.74961216543505,146.3011018389774,192.3378434339824,153.03688310339982,144.2020321430941,0.0,141.31322965846044,141.07413022871532,0.0,0.0,139.59566110448046
547,215.7858796473321,203.3948796546083,173.1334424616842,203.6465807873052,186.87604584231647,154.5575181797087,202.0967437329293,183.61231506535515,148.93017453501793,200.8436725599334,180.8640419486852,146.34975474614143,192.4275521606248,153.34799007645603,144.24745298304782,0.0,141.34992121992562,141.10401449717142,0.0,0.0,139.6135471522648
548,215.87175989106169,203.41856202908332,173.2923402607416,203.7343668308401,186.9372564651268,154.75686925772396,202.18638841112727,183.69668161054267,149.1243848207013,200.93479516613868,180.97684749341107,146.39845063570104,192.5172441581157,153.65917241316754,144.2941893323628,0.0,141.3871987235388,141.1339507848399,0.0,0.0,139.63141343868207
549,215.95774666433388,203.4418303810661,173.4512381030015,203.82211986666405,186.99769663724047,154.9566841338181,202.27610487715128,183.77989118453948,149.3030732849711,201.02599312511543,181.08799351452387,146.44717630337402,192.60686213763472,153.97041056895884,144.34491942458547,0.0,141.4225630914263,141.1638323137841,0.0,0.0,139.65024517798344
550,216.04395608241936,203.46477679803772,173.60994258112245,203.9099561112629,187.05727743597012,155.1562656013901,202.3657728491844,183.86191376522507,149.46336417240914,201.11714646858823,181.19762942448745,146.49596048322485,192.6965260773255,154.28234394741528,144.57865507877216,0.0,141.45932140751736,141.19370604169757,0.0,0.0,139.66807199909456
551,216.1302680698992,203.487312547717,173.76881318078424,203.99775530636168,187.1161521922592,155.35568127919393,202.45550841278384,183.9429019502321,149.60343454249303,201.2083714148272,181.30572122260787,146.54474985352604,192.78617854210844,154.5941454593208,144.61954850685444,0.0,141.49541368344654,141.22361889835074,0.0,0.0,139.68623076083483
552,216.21679830253137,203.50958902438296,173.9276910913968,204.0856332437334,187.1742328971985,155.55500207062704,202.54519165973264,184.02282638015572,149.7206606593161,201.2995483415769,181.41229711387908,146.59363919224097,192.8757625842864,154.90587902298478,144.66042719974968,0.0,141.53153157414718,141.25350245721185,0.0,0.0,139.70500575063463
553,216.30342711693947,203.53151752075863,174.08643616890998,204.17347005991303,187.2316726550077,155.75470931433554,202.6349382524666,184.10165890976347,149.94199066014076,201.3907930467543,181.5173254694361,146.64260000036924,192.96539767896928,155.21757115627665,144.70132542780794,0.0,141.56836935095586,141.2834248067343,0.0,0.0,139.72277436903903
554,216.3902697553765,203.55318854669923,174.24521007249336,204.26138112566625,187.28838421520712,155.95407102163634,202.7246286579465,184.17955234373355,150.18518323005017,201.4819862567005,181.62095722482832,146.69164844116847,193.0550267104219,155.52955956263966,144.742222097328,0.0,141.6057800643055,141.31329155062235,0.0,0.0,139.7404857643973
555,216.47720696897304,203.574691864665,174.40421621072284,204.3492469729037,187.34452026145664,156.1537785658591,202.8143781191162,184.25641909432903,150.42844188120552,201.5732433513796,181.7231618135964,146.74080473466827,193.1446515003149,155.84145494993433,144.7830884258064,0.0,141.64127130892987,141.3432227715269,0.0,0.0,139.75920094226294
556,216.56435356914068,203.5959382351879,174.5631419110235,204.4371825540817,187.39999414718503,156.3532872649254,202.90406747986347,184.3324120985693,150.6712669117777,201.66444540847016,181.8239099997416,146.7900947949581,193.23421561202915,156.1530397390537,144.82397298249987,0.0,141.67817993002805,141.37309807828365,0.0,0.0,139.7766046142907
557,216.65159072619664,203.61707569188007,174.72200075649152,204.52506879963505,187.45495794211743,156.5528792070925,202.9938115650717,184.4074447904537,150.91449286697883,201.75570739228348,181.92335367190725,146.8395528035524,193.3238375913102,156.46484784600327,144.864868600056,0.0,141.71510243298704,141.4030140378216,0.0,0.0,139.79351816043376
558,216.7389746591544,203.63801470816804,174.88086955025057,204.6130202463148,187.50932544821129,156.75241292047582,203.08349159758572,184.48167004803312,151.15761624284818,201.84691073295684,182.02146445662945,146.8892254588306,193.41346080373785,156.7766119458512,144.90575335229542,0.0,141.75135602496266,141.432907469898,0.0,0.0,139.8104109943084
559,216.8265614578236,203.65884276984744,175.03990359062766,204.7009182247091,187.5631887538485,156.9524009417752,203.1732219869569,184.55500217361984,151.40066506142426,201.9381699806232,182.11821523552825,146.93917944472918,193.50302909093105,157.0885279924263,144.94661993876466,0.0,141.7876509980557,141.46280427082473,0.0,0.0,139.8270193705364
560,216.9142326326231,203.67964641651795,175.19873433525936,204.788876858095,187.61663950632885,157.15203129471507,203.26288433798047,184.62759379281528,151.6442338314165,202.0293669219964,182.21375849281267,146.98951566743727,193.59266041004244,157.40021095006907,144.98749605385197,0.0,141.82520263381463,141.4927177433624,0.0,0.0,139.84411418731557
561,217.0021022312904,203.700335174234,175.3579880755071,204.87677788118384,187.6695915711479,157.35181417089169,203.3525926466881,184.69935992182027,151.88752116469374,202.1206156961376,182.3080083490448,147.0403995595078,193.6822983864008,157.7118667524555,145.02835993793528,0.0,141.86224120063451,141.52264497580603,0.0,0.0,139.86068046497584
562,217.0900521905371,203.7209943989735,175.51711634115463,204.964735005087,187.7221950080653,157.55183223390296,203.44222890230932,184.770452740858,152.13085448779435,202.2117984461404,182.4011176974005,147.0921367407577,193.7718871145749,158.02364900158213,145.06923235564966,0.0,141.89860933300713,141.5525154977474,0.0,0.0,139.87773325592337
563,217.17819614255703,203.74164998825705,175.67655896021907,205.052630370844,187.77436376275165,157.75171944906165,203.5319066882648,184.84078782574605,152.37461447656216,202.30302890192297,182.4930610293637,147.14541704947763,193.8615439340324,158.3352473128804,145.11009165459654,0.0,141.93499135857786,141.58244909851118,0.0,0.0,139.89425704288638
564,217.26641645492435,203.7623855670945,175.8363002868702,205.1405772814759,187.82624665249,157.9521426665156,203.621508380188,184.9105167210724,152.61874086570552,202.3941895669755,182.5838139439957,147.20264655229423,193.9512127071975,158.64695752432775,145.15095847824392,0.0,141.97210218132824,141.61232567870428,0.0,0.0,139.91100338228924
565,217.3548263485933,203.78310888321727,175.99691304775257,205.22845828455783,187.87775756756605,158.1539374783471,203.71114715358763,184.9795554077444,152.86449460038952,202.48539376324973,182.67352927229507,147.47201420105924,194.0408377612073,158.9585040557967,145.19181239195774,0.0,142.00924246158073,141.64223871899452,0.0,0.0,139.92772827592947
566,217.4433086254124,203.8039022053437,176.3277458316944,205.3163862792021,187.92898568619512,158.5233508703313,203.800705771982,185.0480546102337,153.27591363626195,202.57658170382692,182.762124194972,147.5174442978102,194.1305357890673,159.27015068273968,145.23267164237592,0.0,142.04697139386286,141.67214413485945,0.0,0.0,139.9441874993653
567,217.5319760988789,203.82484664988755,176.4855482636472,205.40424422335187,187.98001942046992,158.72188450091707,203.8902970040687,185.11593056390515,153.51776163304845,202.66769426607755,182.8497514927167,147.56283138117874,194.22025087231577,159.58176410804094,145.27354423480898,0.0,142.08347226100307,141.70203885319697,0.0,0.0,139.96128938620978
568,217.62071200871924,203.8458486174937,176.64328037001968,205.4921446132653,188.03077201786408,158.92054321900187,203.97980400383528,185.183274784268,153.75978929309545,202.75884387356368,182.936329179258,147.67413781507832,194.30992755210536,159.89323480885145,145.31436572898247,0.0,142.1200021534746,141.7319853707202,0.0,0.0,139.97770599371069
569,217.70962876633715,203.8669877730266,176.8008878255183,205.57997081981776,188.0813309313385,159.11904994830743,204.0693391367888,185.2501782410355,154.0019352936444,202.8499142309857,183.022009796452,147.96893796578144,194.3996818510496,160.20479069861582,145.3552204119297,0.0,142.1572498495217,141.76188396159262,0.0,0.0,139.9945893919216
570,217.7986100530528,203.88828500494768,176.95857981398015,205.66783493989092,188.1317827269842,159.3175608112386,204.15878594841288,185.31655695905388,154.2441940190824,202.94101736026843,183.1067120401324,148.26285150478049,194.4894580525212,160.51631607154334,145.39603038728563,0.0,142.19452773530034,141.7917977833508,0.0,0.0,140.0109621337959
571,217.88776788250908,203.90981795146743,177.10020096769207,205.7556207592,188.18203975862028,159.51603123310878,204.248256403629,185.3825591584228,154.48620672455817,203.0320373335204,183.19058802506527,148.55737517955936,194.5792008972633,160.82771177568722,145.43688852329367,0.0,142.23240606435823,141.82172354688885,0.0,0.0,140.027801655272
572,217.97698638011,203.93149086022103,177.57381989250538,205.8434399785052,188.23218745988348,159.7144247781042,204.3376344430759,185.44810076959047,154.72796325874066,203.1230857734801,183.27355697705087,148.85176136527787,194.66902571582008,161.13918129263524,145.47771335078443,0.0,142.26976217173228,141.85164095897267,0.0,0.0,140.0441301454171
573,218.0663771673273,203.95337983718403,178.04742548691084,205.931176802206,188.2823102722124,159.91283035687974,204.42703163166803,185.5132710110853,154.9699851770176,203.21404712128185,183.3557703953443,149.14589456499812,194.7588769799457,161.45062117212734,145.5185409686634,0.0,142.30711999684002,141.8815466864214,0.0,0.0,140.0609253941684
574,218.1558248178643,203.9755026299468,178.52275666313847,206.01894253769584,188.33231943965177,160.1114863003948,204.516332308809,185.57815833061352,155.21193594397883,203.3050326031956,183.4371478850889,149.44057622335183,194.84869961581688,161.7619402428546,145.55932192516207,0.0,142.34383256155172,141.91146382351775,0.0,0.0,140.07720924785045
575,218.2454405646816,203.9978761869008,178.99809731668583,206.1066218094664,188.38229812490823,160.30969947205202,204.6056476421764,185.64267796359977,155.45409819274457,203.395927031271,183.5178401455701,149.7346234031081,194.9386082434833,162.07332409326202,145.60017747445391,0.0,142.38057520869145,141.94142201917086,0.0,0.0,140.09395982933606
576,218.33510943422613,204.0205736408959,179.47347875497067,206.19432553620368,188.4323284081045,160.50797395307438,204.6948623716326,185.7069746145173,155.6958081253664,203.4868412366296,183.59776701341912,150.02875332090704,195.0285475122111,162.4914763153189,145.6409692250873,0.0,142.41802471596714,141.9713181873666,0.0,0.0,140.1101986632063
577,218.42494227537503,204.04349630421123,179.94959511855038,206.28193876506225,188.48232024594583,160.7064424560214,204.7840872714414,185.77096312246792,155.93786027842322,203.57766040625583,183.6770208909642,150.322891166717,195.1184625234048,162.88853040855068,145.68176957105183,0.0,142.4560896021443,142.00122857539515,0.0,0.0,140.12692444773842
578,218.5148245696843,204.0667157501813,180.42553722274977,206.36957202874345,188.53235432294483,160.9049309916976,204.87320748303736,185.8347295082941,156.17957255629364,203.6684949780602,183.75569365253216,150.61708118495977,195.20846717091868,163.27551502146,145.7225700622305,0.0,142.4936185605933,142.03118909121272,0.0,0.0,140.14338290421463
579,218.60481068490805,204.0902457109052,180.90139955748185,206.4571108004193,188.5824534299225,161.10340145902302,204.96233339088133,185.8983019413569,156.4216736087379,203.75923051545715,183.83370489353945,150.91166136486504,195.29850627211528,163.65280853800456,145.76335813550045,0.0,142.5311786424987,142.06112349297894,0.0,0.0,140.16221247840318
580,218.69495487283163,204.11409911985936,181.3772174658267,206.5446652308894,188.6326963083813,161.30165662411162,205.051350540502,185.96176483893407,156.66354724642952,203.8499770661627,183.91120285954227,151.20571413891346,195.388525095864,164.02108007026783,145.80410853243126,0.0,142.5687845151733,142.09107170078542,0.0,0.0,140.18973405615395
581,218.7851430242233,204.1383445348364,181.8530064607401,206.63212122158305,188.68299079357783,161.49986914818516,205.14036892929963,186.02503133223289,156.90561478590502,203.9406205717877,183.98810702646108,151.50015947685822,195.4786367956748,164.38063287061513,145.8448939286445,0.0,142.60639242071954,142.12096055934973,0.0,0.0,140.21677474133713
582,218.87548533138977,204.1628804067536,182.3290672152121,206.7195885461687,188.733414120092,161.5700029464699,205.2292745104653,186.0881845374348,157.14738016610102,204.0312706930014,184.06450752580125,151.79393085635795,195.56878635079588,164.7320565822755,145.88569382095446,0.0,142.64461323732024,142.1509092790788,0.0,0.0,140.24446987426603
583,218.965868150587,204.1877737780311,182.80505138811407,206.8069535370205,188.78398600142145,162.0434006165852,205.3181768962029,186.15130648526576,157.38912287668091,204.12181375083307,184.14049373227817,152.08843713644688,195.6589191919692,165.07559409390996,145.92642601442336,0.0,142.68231586944677,142.18084464708954,0.0,0.0,140.27173270450749
584,219.0564013075445,204.2130344409408,183.2807548974264,206.89426996322905,188.8347816051545,162.5167852816407,205.4069624498061,186.214308974478,157.63114724477674,204.21235902140188,184.21598439491464,152.3821632115079,195.7491477220218,165.41176980259323,145.96716335046085,0.0,142.72002050362374,142.2107932490522,0.0,0.0,140.29898360409348
585,219.14697162584832,204.23867142334376,183.75666473720383,206.9815914837624,188.8857065105477,162.9916866635767,205.49574040342372,186.2772726186319,157.8729796500657,204.30279321008024,184.29112429029607,152.67653658015865,195.8394170765476,165.7407776305413,146.00789698169712,0.0,142.75778591354072,142.24072816624215,0.0,0.0,140.32648790717388
586,219.2376885690785,204.2646929999604,184.23253600678777,207.06880480712329,188.9368343192969,163.46667564474646,205.5843975324327,186.34027687229204,158.11452494673892,204.393169784287,184.36583174498725,152.97090925904766,195.9296728441317,166.06301503085513,146.04864303705563,0.0,142.79558276065984,142.2706760300411,0.0,0.0,140.35346966168143
587,219.32843943378543,204.29110670307463,184.70855018081784,207.1560190573097,188.98818153514523,163.94173778872545,205.6730426913828,186.4032320700841,158.35653704119093,204.48354210943168,184.44019370792145,153.26494781376962,196.0200266672784,166.37885425748948,146.0893844742958,0.0,142.8334110499234,142.30063671929008,0.0,0.0,140.38092930587814
588,219.4193333253314,204.317975024261,185.1843489541457,207.24312138236607,189.0397638508931,164.41685380374315,205.76156307153008,186.4662161621439,158.59838034674323,204.57379719054973,184.5142961801612,153.55891259017724,196.1103686447042,166.6884311263025,146.1300718930761,0.0,142.87180801741073,142.3305955143079,0.0,0.0,140.40815205669085
589,219.5102580156409,204.3451926100205,185.6601230576873,207.3302205425437,189.09165187140889,164.89261823663122,205.8500671537115,186.529250175523,158.73457210879,204.66404363086951,184.5880563569204,153.85279351328762,196.2008100963723,166.99208126417574,146.17078213333528,0.0,142.9097018476675,142.3605308981933,0.0,0.0,140.4353624410886
590,219.60132225687943,204.372820602024,186.1360163701362,207.4172041303196,189.14374817130545,165.36826172389038,205.93844254668144,186.5924100141687,159.20783535537998,204.7541688257863,184.66155897016017,154.14704445847497,196.29129632264056,167.2900511381083,146.21145738070305,0.0,142.94762707823872,142.3904748323261,0.0,0.0,140.4628260517538
591,219.69241430002936,204.4008637045685,186.6117379371439,207.5041805454964,189.19612178542235,165.84384328314405,206.0267973625575,186.65560372806,159.68108572509266,204.8442810017408,184.7348320104325,154.44106237135395,196.38177307495067,167.58264090201965,146.25216104111772,0.0,142.98558367883587,142.42043491476335,0.0,0.0,140.49001147898656
592,219.78358765636403,204.42932595300223,187.0875652958112,207.59103782941304,189.2487851747233,166.3193873722946,206.11501963114685,186.71890564671745,160.15588616708686,204.9342679469763,184.8079584473739,154.73529925872077,196.472350904106,167.86993009580465,146.29281044148493,0.0,143.02358650427234,142.45037628993265,0.0,0.0,140.51720480267082
593,219.87489573424355,204.4582107326226,187.5633590008899,207.67788402594755,189.30175000054024,166.79520869361963,206.203162301425,186.78233357971,160.6307507903155,205.0242375145997,184.8808534706459,155.02880019017502,196.56297526343567,168.1521929237418,146.33347029898897,0.0,143.06215460390322,142.48035659985578,0.0,0.0,140.5446101404444
594,219.96622723366747,204.4875207948119,188.0390080843222,207.76460762944572,189.35508229720432,167.27094441045816,206.29127821974612,186.8459045197696,161.10567831680052,205.1140778882045,184.95359861519225,155.3228854835348,196.6535920600008,168.42962246064,146.37411975405865,0.0,143.10020766538742,142.51029478416692,0.0,0.0,140.57179856831783
595,220.0576903181322,204.51725827728671,188.51474630563044,207.8513163332714,189.40868176805583,167.74639143248658,206.3792557793552,186.90968980540205,161.58130511615377,205.2038965510285,185.0262742675097,155.61698147194392,196.7443110705776,168.7024008938931,146.4147605111071,0.0,143.1383068490291,142.54027165645874,0.0,0.0,140.59895355082438
596,220.14917417419107,204.54742472130263,188.99045523555583,207.93789908723227,189.4626129437552,168.22204770176683,206.46720245987453,186.97359441867744,162.0562764429433,205.293582085082,185.0987940976646,155.91108204400825,196.835023443796,168.97070032576835,146.45543709965966,0.0,143.1764371600555,142.57023306808344,0.0,0.0,140.6265382087637
597,220.2407866275681,204.57802109347068,189.46603541150628,208.02446323994923,189.5168843737925,168.69766388098796,206.5550070846805,187.03768811001416,162.53177318826033,205.38324160687853,185.1712369660092,156.204681376924,196.9258386235226,169.23468350588877,146.49603788271776,0.0,143.21459851371094,142.60024118606185,0.0,0.0,140.65391357156005
598,220.3324173557456,204.60910246773847,189.941692320512,208.1108982015302,189.5715038539232,169.17342287224727,206.64277677980024,187.10198460580364,163.00720532529806,205.47276409941887,185.24362560363187,156.49866294691472,197.01670223092225,169.4945044971092,146.53664478730832,0.0,143.25333645039552,142.63022469128418,0.0,0.0,140.6808261328889
599,220.4241738484495,204.64055931098383,190.4173215759604,208.19725672114453,189.62647844062897,169.64896526597937,206.73040080167567,187.1664968227089,163.48293003707553,205.5622563157325,185.31603682224824,156.70784853218095,197.1075603439481,169.750309281915,146.57724096044132,0.0,143.29228621509102,142.6602151600968,0.0,0.0,140.7081958823441
600,220.515946276804,204.67244572679567,190.8928324168533,208.2835914529005,189.6818144635915,170.12448326449433,206.8179859242435,187.23123687525475,163.95826678773426,205.6516076433227,185.38838192656817,157.13762830037714,197.19852163025865,170.00223631956698,146.61783312208104,0.0,143.3312665055734,142.6901937115465,0.0,0.0,140.7355730824951
601,220.6077877004278,204.7047605816624,191.36841035939008,208.36979223248875,189.73751754054348,170.60012035113442,206.9054218444336,187.2962706467856,164.43384864627515,205.7409244755704,185.4607361265416,157.56739535193896,197.28953186993783,170.2503540795102,146.65840373711532,0.0,143.36956850894776,142.72015597993638,0.0,0.0,140.76269139517856
602,220.69975108285652,204.73750227149424,191.8439610970679,208.4559658419138,189.79364696892165,171.07558663867627,206.9928149884815,187.36149947442013,164.90937145118787,205.83009660732475,185.53311888335955,157.99881016741438,197.3805373038587,170.4949139328242,146.698940481087,0.0,143.40799723067417,142.7501561281479,0.0,0.0,140.78979626688945
603,220.79172706542195,204.7706687399454,192.31940066277872,208.54200258969684,189.8500981683733,171.55115849541056,207.0800554957284,187.42698772883364,165.3848502470118,205.9192300756957,185.60554882828805,158.43023398108176,197.4716458227664,170.7359711448812,146.7394833349857,0.0,143.45372953321174,142.78013969828717,0.0,0.0,140.81715403077078
604,220.883822590051,204.80425750322283,192.7948995702136,208.62800893171035,189.90692915867743,172.0265784533916,207.1672494512818,187.49274439004887,165.86029381154745,206.0082150880021,185.67809815729328,158.86169688527423,197.56274965513416,170.9890027548955,146.7800388302393,0.0,143.4984935907586,142.81010649932634,0.0,0.0,140.84449827537745
605,220.9759287973906,204.8382656694332,193.27029060270385,208.7138756525404,189.9641428722208,172.50209302255533,207.2542874415116,187.55877768052892,166.335707502614,206.0971573283775,185.7506749927061,159.29386181590465,197.6539563562916,171.243355527502,146.8205327157972,0.0,143.5433422201482,142.84011082310352,0.0,0.0,140.871828912838
606,221.06815230625776,204.87268996131044,193.74573688737257,208.7997088885256,190.02174161222183,172.97757766176989,207.34127521518093,187.6250950783013,166.8110946889201,206.18594741765824,185.82334990408285,159.7258606850346,197.74521189232408,171.4941335583125,146.8610571271575,0.0,143.59090563295007,142.8701329889222,0.0,0.0,140.89867514308972
607,221.1603847578789,204.90752673813176,194.22115551960863,208.88539990561105,190.0797270741969,173.4529299798944,207.4281038100233,187.69170333187057,167.28660625952455,206.2746371421348,185.89613818916044,160.1577837560693,197.83646269343348,171.741524449195,146.9015187643071,0.0,143.6358617497659,142.90015247062004,0.0,0.0,140.92599909365725
608,221.25273245100792,204.94277201761244,194.69647081700128,208.9710545264686,190.138100364151,173.9283630845367,207.5148251857899,187.758662334156,167.7619387089547,206.36327819529305,185.9690543159048,160.58966480365345,197.92781553882693,171.98552815748582,146.94202898747722,0.0,143.6818972435665,142.9301317540385,0.0,0.0,140.9533092117377
609,221.34508752874777,204.9784214955904,195.1718355245748,209.056564504292,190.1968620190548,174.40376882309764,207.6014912127085,187.8258696288161,168.23725007631094,206.4517615555689,186.04216580724128,161.02151866514785,198.01916328831288,172.22614248712864,146.98249302395112,0.0,143.7269603352273,142.96012076650084,0.0,0.0,140.98062626171
610,221.43750266135447,205.0144705704811,195.6470990394662,209.1419820568808,190.2560120272213,174.87905446356115,207.68799334427564,187.89338378831283,168.71266638550392,206.54019231840329,186.115377687342,161.4536325595198,198.1106123867592,172.4635417002119,147.02291169709468,0.0,143.7720728342086,142.99014672759503,0.0,0.0,141.0079293425028
611,221.5300304258116,205.0509143616761,196.1223365607358,209.2273593199532,190.3155498484177,175.35441036150232,207.77443678413465,187.96120879290663,169.18804979587188,206.62846188624687,186.18875590210823,161.88567380563188,198.20210900186,172.6976573013627,147.0633582130162,0.0,143.81993392614578,143.0201274664879,0.0,0.0,141.0351715848771
612,221.6225634512664,205.08774773207665,196.5976191852831,209.31258851910792,190.3754744353876,175.82973977982442,207.86071344877053,188.02934797401733,169.6632913119112,206.7166750176352,186.2623116687756,162.31744744582835,198.29359976842184,172.92865639515966,147.10379518050445,0.0,143.86517454919868,143.05019040377266,0.0,0.0,141.062201397273
613,221.7152075140878,205.1249653084269,197.07280290584444,209.3977749875104,190.4357842546728,176.30495741738244,207.9469282259901,188.09780403168656,170.13862116610255,206.80472354407425,186.3360554158216,162.7494187158724,198.3851903608821,173.15646612138835,147.14414661780617,0.0,143.9114569963287,143.08018962667995,0.0,0.0,141.0895048282492
614,221.8078557461857,205.16256150246468,197.54795958942591,209.4828114512352,190.4964773090317,176.78023697002274,208.03297350227183,188.16657905515729,170.61392278950146,206.8927118924818,186.4099967908766,163.2262808207771,198.47677428922103,173.38124740937812,147.18456284338507,0.0,143.95679459075333,143.11021014388805,0.0,0.0,141.11677308221272
615,221.9006136112941,205.20053052979412,198.02315748844632,209.56780295250385,190.5575511579312,177.25549015008974,208.11895385434224,188.2356745410156,171.08909866179928,206.980532326664,186.4841446741448,163.6640296121769,198.56845689523584,173.6029239825469,147.22492923464642,0.0,144.00488099006216,143.1402494295091,0.0,0.0,141.14404793762083
616,221.9933747448264,205.23886642991496,198.4982584071981,209.65264272320167,190.619055976704,177.73063756104344,208.2047621436921,188.3050914145577,171.56435055941105,207.0682889470571,186.5585603984768,164.08348473304676,198.6601318471565,173.8216514615543,147.26527590315567,0.0,144.0503073849804,143.17029748562956,0.0,0.0,141.171329363774
617,222.0861915673669,205.27756308744856,198.64987407885,209.7374355203881,190.6808823465155,178.05849627105573,208.29044993038733,188.3748300482597,171.82068489794386,207.15587445618883,186.6331448775373,164.4865250090996,198.75190415539987,174.03735099170734,147.3056181946408,0.0,144.0957918488472,143.20030404062797,0.0,0.0,141.19857534140883
618,222.17911640559203,205.3166142477918,198.76134320462924,209.82207508920447,190.7430797489355,178.23754331717768,208.3760686961624,188.44489028475783,172.06469622676315,207.24339263288,186.70795803748817,164.87487544658444,198.8437202457172,174.25011626034797,147.34589125135267,0.0,144.1436946060509,143.2303190783307,0.0,0.0,141.22560258916664
619,222.27204338330927,205.35601353909152,198.87096531942385,209.9066133715004,190.80564418845685,178.41322208323345,208.4615117596056,188.5152714564584,172.30320677909262,207.3307366211397,186.7830058318576,165.24961348658292,198.93552701663583,174.46003874336913,147.38621680615898,0.0,144.19061899177788,143.26038773805175,0.0,0.0,141.25261518169685
620,222.36507744628332,205.39575448751177,198.9786877275428,209.9911022387336,190.86857133694,178.58556080418185,208.5468832163245,188.5860251298121,172.53646807903826,207.41795743745868,186.85829352061955,165.61217176678096,199.0274287152201,174.66703668886305,147.4264702635093,0.0,144.23624552263774,143.29041933595386,0.0,0.0,141.27985930684406
621,222.4581132201629,205.43583053688909,199.08465049027373,210.07543595136525,190.93185655211363,178.75487461485068,208.63207687554385,188.6570441606885,172.76470999777382,207.50510601634068,186.93382569003305,165.96343017048417,199.119319693254,174.8711993056552,147.46676729578385,0.0,144.28191041977422,143.32043144927573,0.0,0.0,141.30710974450807
622,222.5512553369201,205.47623506449003,199.18892327371992,210.1597188466156,190.9954949003214,178.92117074252118,208.7171965453001,188.72837928071377,172.9883833824938,207.5920759119931,187.0096062703767,166.30416808743422,199.21130386888763,175.07261400776034,147.50700059789656,0.0,144.3313509519023,143.35053649421718,0.0,0.0,141.33434538240377
623,222.64439891933483,205.5169613983377,199.29157171474188,210.24384571144137,191.05948117820063,179.08473548683082,208.80213653071283,188.8000279989632,173.2075838509868,207.67897038897297,187.0856385532844,166.63538781356107,199.3032757665693,175.27119756035555,147.54721037064994,0.0,144.377093875694,143.38056378155574,0.0,0.0,141.36158723846367
624,222.7375961356784,205.5580028325148,199.3926577308172,210.32792062188625,191.1238099316986,179.24555946688912,208.8870003603652,188.87198742270223,173.4227082673532,207.76568345736777,187.16192521336805,166.95766515125462,199.39533897638265,175.4670359504744,147.58741171888644,0.0,144.42290368629713,143.41062125399242,0.0,0.0,141.3889925994132
625,222.83089905517804,205.5993004799272,199.49223979354085,210.41183889762897,191.18847547806143,179.403836739059,208.97168284100124,188.94425428078284,173.6338933533936,207.85231808104223,187.23846832650327,167.2715178026141,199.4874402203769,175.66015789028958,147.62759624900357,0.0,144.471452998753,143.44068623305753,0.0,0.0,141.41620544194217
626,222.92420327962623,205.6409520460538,199.59037317899688,210.4956523837704,191.2534719268404,179.55974940757957,209.0562352603241,189.01682494254064,173.8412655900951,207.9387687320265,187.3153216587044,167.57768996465964,199.57952670219817,175.8505916110423,147.66779263367903,0.0,144.51732983325405,143.4707083947217,0.0,0.0,141.44342434798924
627,223.01761291394985,205.68289854763225,199.6871102003641,210.5794128664765,191.3187931963917,179.71326859231948,209.14070884072711,189.0896954419711,174.04515916480818,208.02513807979503,187.3923815434624,167.8765735776095,199.67170125836137,176.03842052073844,147.70792218441875,0.0,144.56560334005226,143.50081048521898,0.0,0.0,141.4706492889992
628,223.11102404993733,205.7251332953605,199.7825004115221,210.6630162114548,191.38443303788648,179.8645624709769,209.22499889102937,189.1628614972937,174.24559782559166,208.1113210636589,187.46970072491155,168.16852518869192,199.763859129642,176.22356092846698,147.74803318953073,0.0,144.61291471058811,143.53084695109482,0.0,0.0,141.4978590473881
629,223.2045404701834,205.767649636578,199.8765307769889,210.7465661327041,191.4503331732093,180.01372462088048,209.30920853502127,189.23631853520007,174.4428839718993,208.19736833997092,187.54727909353747,168.45412350201252,199.85610282702743,176.4060958975242,147.78815440419896,0.0,144.6589040462645,143.5609353539222,0.0,0.0,141.52507474883615
630,223.29805875175416,205.81044097116143,199.96936644406364,210.8299590433101,191.51659092062872,180.16090723444225,209.39323360076816,189.31006170745405,174.63702240719596,208.28333049710795,187.62511604691915,168.73364283554292,199.94832777901104,176.58605268500338,147.8282189889489,0.0,144.707639338889,143.59099766237665,0.0,0.0,141.5522751408822
631,223.3916307788952,205.85350076085643,200.0628290898781,210.91329841796053,191.5831476633928,180.30606322348808,209.4771769587369,189.3840859168465,174.82822083839574,208.369102925018,187.70321051187108,169.00733509088926,200.0406361751395,176.7634585110282,147.86827104416375,0.0,144.75371661082636,143.62109887188393,0.0,0.0,141.57946014288558
632,223.48530832992608,205.8968225422061,200.17369655580623,210.99648122143807,191.6499966609992,180.4493350866592,209.56093496031207,189.4583858333528,175.01667399051362,208.45478784841663,187.7815609647529,169.2756671412353,200.1329750741089,176.93834063162151,147.90833170569394,0.0,144.80352777318177,143.65116178524482,0.0,0.0,141.6066509339647
633,223.57898843783747,205.94039993678777,200.28305742700329,211.07955927798525,191.71713109397345,180.59079574624772,209.6445588084624,189.53295591724213,175.20236447790248,208.54028114024115,187.8601654558157,169.53875756948628,200.22529202280552,177.11072639995794,147.94835119209628,0.0,144.84966034009346,143.68127590646694,0.0,0.0,141.6338474865707
634,223.67277432409512,205.9842266623975,200.3910329037061,211.16258436125344,191.7845440812397,180.73051393733147,209.7280996502088,189.60779043805303,175.38547150117293,208.6256847559092,187.9390216284868,169.79701859161162,200.31768846786005,177.28064333153512,147.98833918842166,0.0,144.8958336580994,143.7113236617466,0.0,0.0,141.66102847874126
635,223.7665634922882,206.0282965407508,200.49756630171743,211.245454012584,191.8522286975046,180.8685545227584,209.81145437877936,189.68288349418663,175.56609886346257,208.71089505689608,188.0181267443274,170.05060704861137,200.41006058342995,177.44811915362598,148.02830468638308,0.0,144.94472474331073,143.7414501350058,0.0,0.0,141.688215142743
636,223.86040762428007,206.0726035092599,200.60260123591527,211.32827139444817,191.9201779864643,181.0049787814522,209.8947255203457,189.7582290319785,175.74440838324466,208.79601373569065,188.09747770162448,170.29966877518387,200.50250949737944,177.6131818583894,148.06825668136028,0.0,144.99195880298407,143.77150996439315,0.0,0.0,141.71540745146777
637,223.95435828672703,206.1170904924896,200.7062532707712,211.4109346118855,191.98838497768776,181.13984467012656,209.9778105093968,189.8338208637128,175.92036192611954,208.8809376503476,188.17707106065595,170.54455212935906,200.59493158514172,177.77585974602587,148.10818504282494,0.0,145.04092535354184,143.80162035818245,0.0,0.0,141.74258403095646
638,224.0483134163856,206.1618540608598,200.8084635991412,211.493546607096,192.0568427012164,181.2732070589132,210.0608116441201,189.90965268824576,176.0941105260178,208.9657172328275,188.2569030615213,170.78530069399665,200.68742765590065,177.93618146350556,148.14811670308458,0.0,145.08720354516458,143.83170353139303,0.0,0.0,141.76992479814066
639,224.1423756319116,206.20683729639825,200.9091741435361,211.5760060522672,192.12554420087025,181.40511795049733,210.14362690565773,189.9856670437716,176.2657351223368,209.0504028585492,188.336969650054,171.02216106622848,200.7798942899004,178.09417604379362,148.18795898038985,0.0,145.1362203231137,143.8618245120371,0.0,0.0,141.79711335430926
640,224.23644331839404,206.25203467117623,201.00849616144,211.65836481444083,192.19448254716752,181.53556754840264,210.22630749745025,190.06195966957875,176.43531202460304,209.134891885634,188.41726649473927,171.25536408522294,200.87243198074705,178.24987293217526,148.22784050373156,0.0,145.18324839618884,143.89192860203485,0.0,0.0,141.82426461710048
641,224.33061873870605,206.29744080832592,201.10631401277448,211.7406747156413,192.2636508521485,181.66472143989984,210.30890457672672,190.1384728655861,176.60291326693584,209.2192856380802,188.49778900978515,171.48492392632775,200.96498824172204,178.40330201716415,148.2676685861585,0.0,145.22556850236737,143.9220379607028,0.0,0.0,141.85160277427545
642,224.42480071693825,206.34305048673133,201.2027369846093,211.8228350265505,192.333042278714,181.7925645205957,210.3913167018557,190.21520004194943,176.76860692528766,209.30348198785111,188.5785323769213,171.71105159972018,201.05751107804835,178.55449365131008,148.30744041325062,0.0,145.26657604609036,143.952174713774,0.0,0.0,141.8809175897829
643,224.5190405224927,206.38885864875948,201.297649865813,211.90494841514263,192.40265005588307,181.93423617103937,210.47364588715607,190.29213457732524,176.93245740675064,209.38758202240885,188.6594915620221,171.93394573226038,201.15010025545223,178.70347867019916,148.3472350135388,0.0,145.308893966851,143.98227193434082,0.0,0.0,141.91022633474566
644,224.61338929175088,206.43486040010544,201.3911050775768,211.98691472589945,192.4724674856592,182.0798377515605,210.5557912517908,190.3692698335268,177.0945257163551,209.47148413288187,188.7406613401235,172.15359911026073,201.24265313880733,178.85028840803818,148.3870019984151,0.0,145.3505892580374,144.01239049987342,0.0,0.0,141.93955032970794
645,224.70774623499813,206.4810005376256,201.48315425008232,212.06878591931843,192.5424374318234,182.22397224899888,210.637854605588,190.44659917078988,177.25486969300627,209.5552387044411,188.82203630950252,172.37019533193427,201.3352691804292,178.99490211707473,148.42672057577033,0.0,145.39274718443778,144.04255367547452,0.0,0.0,141.96935426777333
646,224.8022129368409,206.52737559098352,201.573683231672,212.15061391317272,192.61265453679272,182.36658554507807,210.71973563529684,190.524115961576,177.41354423173345,209.6388960771028,188.9036109156905,172.58384478967858,201.4278459617552,179.13745753140103,148.46641759372923,0.0,145.43509187028206,144.07263651194725,0.0,0.0,141.99917479020053
647,224.89668901816748,206.5739305900541,201.6627438788165,212.2322991594341,192.6830617570912,182.5076237003636,210.80148562242115,190.60181360364385,177.57060148238747,209.72235518024627,188.98537946682416,172.7947142125482,201.5204826256405,179.27793475663907,148.50611842903254,0.0,145.47614488772658,144.10279616642816,0.0,0.0,142.02850235335802
648,224.99122541640529,206.6206613419569,201.75038748516147,212.313944064676,192.75365279483088,182.6472020899628,210.8831558129486,190.67968553398492,177.7260910341489,209.8057167977093,189.0673361535169,173.00277592308606,201.61307697293472,179.41636720078105,148.5457487883548,0.0,145.51849754908068,144.1329320091291,0.0,0.0,142.0578662391353
649,225.08587292305523,206.66756383454248,201.83650180481425,212.395449655072,192.824421474292,182.7852641942668,210.9646464990873,190.7577252391484,177.88000243847927,209.88888039622333,189.149475066278,173.2081859818848,201.70572783734207,179.5527887939482,148.58537605739468,0.0,145.56003760741268,144.16302767143063,0.0,0.0,142.08722324447336
650,225.18053150107897,206.7146342399901,201.9211388558444,212.47691813356772,192.8953617475732,182.9217541155104,211.0460592563432,190.83592626877072,178.04975588266788,209.97194654876105,189.2317902125435,173.41103222226354,201.7983332443898,179.6871820509916,148.62496501029074,0.0,145.6024145077981,144.19319973689107,0.0,0.0,142.1166164167609
651,225.2753019899029,206.7618188831738,202.0043502839476,212.5582510990136,192.96646770299745,183.0567827282793,211.12729495497783,190.9142822453118,178.22115216683827,210.0548152657538,189.31427553351963,173.61139785191713,201.89099171851376,179.81968599198973,148.66457983589504,0.0,145.6447660508278,144.22334751679858,0.0,0.0,142.14632478118438
652,225.3700847330116,206.80921448474703,202.0860264544945,212.63950060303023,193.03773357240576,183.19023724944964,211.20845498312352,190.9927868744369,178.39076086222803,210.13753697346303,189.39692492101747,173.8093617867288,201.98360151304087,179.9502839423918,148.70410483754003,0.0,145.68584801671113,144.25349898353502,0.0,0.0,142.17619743116222
653,225.46493026354824,206.85676762173043,202.16622014991063,212.7207186518509,193.1091537344171,183.3222264676569,211.28944079076723,191.07138404290032,178.558702231505,210.22016206262177,189.4796822580149,174.0049989516869,202.07626084601168,180.07901184456597,148.74363418777057,0.0,145.73476007058008,144.28362125913603,0.0,0.0,142.20604240231128
654,225.5598889523824,206.90447520576467,202.2449307553072,212.8018074460102,193.1806729201982,183.4526378687233,211.3703037984005,191.150167585596,178.7249242562702,210.30259111847835,189.5626414271369,174.19838055720382,202.1688682011745,180.20585469125984,148.78311330974697,0.0,145.7836340402863,144.31377912148534,0.0,0.0,142.2354530376842
655,225.6548614364082,206.95233433304404,202.32215830642235,212.8828689238986,193.2523855345649,183.58157859864244,211.45109539519933,191.2290814976949,178.88937518324045,210.384924470428,189.64574619088592,174.38957435219908,202.26152149070424,180.33095239463245,148.822565386118,0.0,145.8353347003475,144.34394024737642,0.0,0.0,142.26487768154357
656,225.7499477334574,207.0003422856524,202.3979564575285,212.96380585006628,193.32423651762824,183.70893685663384,211.5317176536147,191.30811991264653,179.05216977018054,210.46706326126824,189.7289903925144,174.57864485202614,202.3541690297767,180.4542906272505,148.86197588453646,0.0,145.88706537392991,144.3741327337915,0.0,0.0,142.29429450404035
657,225.8450488267393,207.0484469700524,202.4722207091722,213.04467036073385,193.3962208881317,183.834764562715,211.6122717600489,191.38727709019608,179.21319871378148,210.5491076334957,189.8123678964308,174.7655960237088,202.4467596357888,180.5758560154632,148.9013580834875,0.0,145.93696504355765,144.40425595098333,0.0,0.0,142.32417677190935
658,225.9402147650838,207.0967452714952,202.54500636877663,213.1255145420366,193.46833383515408,183.9591129719817,211.6926603708283,191.4665474243615,179.37257410454964,210.6309592929047,189.89587260347463,174.9506020637652,202.53939051589649,180.69578903600345,148.94074856827874,0.0,145.9887033647409,144.4344260549791,0.0,0.0,142.35409571808418
659,226.0354954162611,207.145185336773,202.61631651234023,213.2062417428348,193.54057071810297,184.08187171741343,211.77293505864304,191.5459254497463,179.5301863174258,210.71266878611743,189.97949846107625,175.1355525800604,202.63196099475067,180.8140768498045,148.98010965031807,0.0,146.04043036729988,144.46459885540276,0.0,0.0,142.38353297354405
660,226.13079200826672,207.1937651708431,202.68615506590928,213.2869536079361,193.6129270723732,184.203092515349,211.8531473650935,191.6254058460852,179.68614527978835,210.7942866319662,190.0632394765209,175.3373611368403,202.7245679768548,180.9307075225992,149.01938271580576,0.0,146.09072727882895,144.4947855845461,0.0,0.0,142.41298362940412
661,226.22620365377992,207.2424829557124,202.75452683687115,213.36755403301464,193.6853493511716,184.3228266266809,211.9332005720366,191.70493413900007,179.84034154632707,210.87571514155388,190.14708972639303,175.53695627039428,202.81711102852103,181.0458218202458,149.05865941042327,0.0,146.14207265364504,144.52496279603355,0.0,0.0,142.44244758293644
662,226.3216318915664,207.29133704563787,202.82143753791985,213.44809520280168,193.7579320738461,184.44096589025924,212.01319566599585,191.78460403894672,179.99288333211882,210.9570542617314,190.2310433684023,175.73446678121354,202.9096867546037,181.1594081671328,149.097928612124,0.0,146.19379524496983,144.55514227466716,0.0,0.0,142.47285595798837
663,226.4171262015264,207.34027690036007,202.88689380969635,213.5286292391129,193.83062193381747,184.55756248106047,212.0930365070444,191.8643612772632,180.14366181986276,211.03820687615985,190.31509464988315,175.92985054302304,203.00219496549963,181.2714558257268,149.13713852949542,0.0,146.24551608612686,144.58531615450244,0.0,0.0,142.50267633239605
664,226.51273586792803,207.38939947270023,202.95090323930185,213.60906059146447,193.9034151777003,184.67261574083824,212.1727748169821,191.9442011654139,180.29278391624612,211.11922368847075,190.39923791802232,176.1230653131185,203.09473196715788,181.3821055378108,149.17629258600726,0.0,146.2943935492111,144.61549205023798,0.0,0.0,142.5321608705092
665,226.60836262154533,207.4386544288284,203.0134743766195,213.68949055909303,193.97630822973125,184.78612557035763,212.25246228137385,192.02411918212889,180.4401418320988,211.2001553793816,190.48341860145925,176.31423334360096,203.18719781697777,181.4912965432985,149.21546487930038,0.0,146.3471096491348,144.6456775058602,0.0,0.0,142.5616363184243
666,226.7041045918592,207.48804078901364,203.0746167458533,213.7698241107365,194.0492976944964,184.89814478953647,212.33200337648384,192.10411097644155,180.585788570812,211.2809054503805,190.5677294281335,176.50330935393097,203.27968852408085,181.5991695673516,149.2545825668116,0.0,146.39882150846384,144.67586465362749,0.0,0.0,142.59210441884983
667,226.7998637871364,207.53750891684567,203.13434085530648,213.8501134170572,194.1223315476439,185.0085698312722,212.4114988720136,192.184172368561,180.7297765947051,211.3615736760124,190.65211596179185,176.6902484173208,203.37210439567832,181.70566443421308,149.2936569627593,0.0,146.45048928170772,144.70606459135377,0.0,0.0,142.6216062422969
668,226.89568904044216,207.5871558981285,203.19265820301783,213.93041056972763,194.1955044808936,185.1174550081205,212.4908538104737,192.2642505787845,180.8719999617097,211.4420641350416,190.7365730273392,176.87516767957038,203.46454114507864,181.8109216893654,149.3327127950998,0.0,146.50076001063644,144.73628260154416,0.0,0.0,142.6510985388589
669,226.9916289731593,207.63693227401552,203.2495812800318,214.01062104319445,194.26876470456435,185.22480295153176,212.57012003517173,192.34443943893945,181.01251184175072,211.5224764381868,190.82109558589605,177.05796639219375,203.5568993331344,181.9148816126257,149.37172008104457,0.0,146.5519971621177,144.76647343969762,0.0,0.0,142.68158642445238
670,227.08758574151187,207.68683767289,203.3050727819612,214.09084571603267,194.3421095300431,185.3306170809172,212.6493493458272,192.4246864082579,181.15131285714472,211.60271524221645,190.90567874097547,177.2387592422603,203.64927437809465,182.0176844050168,149.41070550525131,0.0,146.60363602140657,144.79667962940078,0.0,0.0,142.71110428629817
671,227.1836564172671,207.73687186397245,203.3592489310998,214.170990544432,194.41553644031995,185.4349016384806,212.72844737332056,192.50498800859256,181.2884041025229,211.6828314463488,190.9903177431244,177.41744532297997,203.74156709720825,182.11927066872585,149.44967476659383,0.0,146.65524198081823,144.8268868020468,0.0,0.0,142.7406342225562
672,227.2797434036726,207.7869863332584,203.41207422997192,214.25110759818,194.48899463345995,185.5376617193898,212.8075146327733,192.5853409398784,181.42383916291368,211.7628759270576,191.0750079955044,177.59408425850424,203.83387261525445,182.21978009084629,149.48856276611653,0.0,146.70684894129337,144.85708055526274,0.0,0.0,142.77065830117763
673,227.37589481810164,207.8372780949489,203.4635651148806,214.3312488442823,194.5625789647476,185.6389032983895,212.88645729943727,192.66574207838624,181.5575162047191,211.8427539600024,191.1596966321289,177.76873468120243,203.9260920089573,182.3191534606241,149.52747487308915,0.0,146.7580274683262,144.88731500868673,0.0,0.0,142.80069522233998
674,227.4721585538773,207.8876987687709,203.5137389890812,214.41132068427552,194.63623884533283,185.73863325497035,212.965375670236,192.74614014486684,181.68949015084343,211.9225649891253,191.2444763331081,177.94129595099145,204.0183201115028,182.41752978339608,149.5662942654391,0.0,146.8071825683798,144.91753801195247,0.0,0.0,142.83026170339247
675,227.56843712541755,207.93824864832231,203.5626142094984,214.4914234729796,194.70997242553128,185.83685939327304,213.04417645200687,192.82662914638232,181.8197645283809,212.00221486214363,191.32929444586003,178.11182646472122,204.11045826083168,182.51484989803137,149.60513676484643,0.0,146.84953740518563,144.9477328660117,0.0,0.0,142.8611423236351
676,227.6647782428936,207.98887999723863,203.6101600477849,214.5714640434513,194.7837780152048,185.93359045829664,213.1229115170809,192.90715803630027,181.9483435886998,212.0817546461814,191.4141470198089,178.28038388478774,204.2026010013978,182.6112519607471,149.64390170301715,0.0,146.89418420525053,144.97795653238845,0.0,0.0,142.89071270777632
677,227.76122938783945,208.0396897789769,203.65649694578423,214.6514942508848,194.85760598687423,186.0288361505424,213.2016326734441,192.98772438822232,182.07523234682904,212.16123537878812,191.49903027117907,178.44686875400734,204.2946499353276,182.70667672392813,149.68264082152962,0.0,146.94648932791088,145.0081803177161,0.0,0.0,142.9202944427057
678,227.85769316990704,208.09063035180856,203.70159581152748,214.7315658225488,194.93155127000293,186.12260713686447,213.280247153854,193.06832594591384,182.20043661615173,212.2405635156228,191.583940585743,178.61133904038968,204.38669931818225,182.80126132949752,149.72135359778218,0.0,146.99879760731082,145.03840407440222,0.0,0.0,142.9508354890931
679,227.95426495562552,208.14170246322607,203.74547863453856,214.8115859585573,195.00556441659603,186.21491505627668,213.35880686353863,193.1489606218317,182.32396303969048,212.3198383096221,191.66887452176385,178.77385219126896,204.47865101975376,182.89494631072787,149.7599974048034,0.0,147.0510700120956,145.06862765459005,0.0,0.0,142.9804404461967
680,228.05084757284408,208.192859087494,203.78811869997423,214.89165436597025,195.07964433981263,186.30577252723327,213.43736362908032,193.22957862589448,182.4458191178084,212.3989667725524,191.7537809096102,178.93431069932038,204.57059900970387,182.98786763646712,149.79867216369635,0.0,147.1043534361252,145.098862113484,0.0,0.0,143.01052015562263
681,228.14748794610537,208.2441970479088,203.8296389853074,214.9716786211914,195.1537900952044,186.3951931473535,213.5158251725086,193.31027405558763,182.56601323327203,212.4780001063848,191.83875256074063,179.09277276934782,204.66244542828483,183.0799654897615,149.83720761126935,0.0,147.15658505806837,145.12908439883634,0.0,0.0,143.04063378899676
682,228.2442327685464,208.29566937581288,203.8700142077556,215.0517102280103,195.2279531562073,186.48319149135173,213.5942912651153,193.39099732519963,182.68455467104133,212.556989473302,191.92373854024507,179.2492452091064,204.75428395951016,183.1713259516578,149.87580468849424,0.0,147.2059317237602,145.15933473734196,0.0,0.0,143.0702276770656
683,228.3409849491899,208.34727719578888,203.9092696013028,215.13180053553089,195.30222841040268,186.56978310818977,213.67267009130143,193.4717469934021,182.80145363615907,212.63584246348103,192.008736093632,179.4037353065892,204.84601701749568,183.26203441710004,149.91429310859897,0.0,147.2581129177348,145.189555644697,0.0,0.0,143.10082877129554
684,228.43783869866027,208.3989741264217,203.9473820813339,215.2118573966749,195.3765674687437,186.6549349155801,213.75101343902736,193.55247414191257,182.9167212678468,212.7146580923984,192.09374264077903,179.55630168737716,204.9377380031831,183.3520300494785,149.95275717710393,0.0,147.31125162666763,145.21982587798593,0.0,0.0,143.13046679455587
685,228.5346971413189,208.45085676195623,203.98447663440285,215.29197972469075,195.4509699103617,186.73876375934827,213.8293729920605,193.6332730188199,183.03036965121444,212.7933444808781,192.17870819535696,179.7068510166088,205.029349606702,183.4413971632315,149.99122302789596,0.0,147.3633546797227,145.25006632803542,0.0,0.0,143.16109101845854
686,228.63160641117,208.50287873931453,204.0205313466916,215.37207568615293,195.5253879752885,186.82123828832923,213.9076573485216,193.7140948813248,183.1424118240733,212.8719529058284,192.2637257833567,179.8554432495318,205.1209449480587,183.53021927240653,150.02966329927034,0.0,147.4113767092441,145.28032404148286,0.0,0.0,143.19072805238775
687,228.72861241074372,208.5550414855841,204.05552546492729,215.45219628354087,195.59991652266905,186.9023778533068,213.9859657349953,193.794938883047,183.25286178226963,212.9505345902208,192.3487456407138,180.00208808281627,205.2124269966296,183.6184342706204,150.06799243602833,0.0,147.4647672267979,145.31056865415627,0.0,0.0,143.22122718579882
688,228.82561835344484,208.60729919644257,204.0895852189928,215.5323923300263,195.6745078917318,186.98220271886865,214.0642071551188,193.8758043170233,183.3617344808728,213.0289981856757,192.4337658614456,180.1467959177697,205.3038885935556,183.70612442069475,150.10631084730616,0.0,147.5171090109667,145.3408117772132,0.0,0.0,143.25137564892978
689,228.92266995636345,208.6597481502099,204.1226422114475,215.6125721733269,195.74916211559736,187.06068504598284,214.1424331428397,193.9566433462232,183.46904583548792,213.107442394768,192.5187847025329,180.289577894092,205.39523298994345,183.79337107859945,150.14459636747597,0.0,147.5694401233906,145.37105326004396,0.0,0.0,143.28153462798954
690,229.01981271111973,208.7123425232972,204.15482347341745,215.69278648457515,195.82383213553484,187.1379450508228,214.2206950977194,194.0375501797259,183.57481271505347,213.18577636231345,192.6038005824165,180.43044592139665,205.48655275081887,183.88011065121088,150.4727113906879,0.0,147.62035373904214,145.4013143786666,0.0,0.0,143.31170398046686
691,229.1169499344762,208.76508397482257,204.18611032435703,215.77308572705184,195.89861269411725,187.2139564352792,214.298902344885,194.1184771170688,183.6790529372778,213.2640513526478,192.68876495752315,180.56941270272864,205.57775141165789,183.96642309557663,150.90380832219546,0.0,147.67383083673147,145.43160234946254,0.0,0.0,143.34188356353772
692,229.21417412532048,208.81792721072424,204.21648508909692,215.8533783703252,195.9734567956572,187.28874290845096,214.3771534169746,194.1994239647605,183.7817362724737,213.34231855386025,192.77377092161765,180.70649175841464,205.66892126284867,184.0523873712958,151.33518914400562,0.0,147.7226090785267,145.4618493259138,0.0,0.0,143.37207323406375
693,229.311388839396,208.8709681129467,204.24607538324108,215.9337618218828,196.0483648512057,187.36228044336875,214.4553579778508,194.2803436394246,183.8829805521106,213.4204875781632,192.8587701224644,180.8416974466161,205.75996612917783,184.13793821500772,151.7661635626225,0.0,147.75799474787777,145.49211111433735,0.0,0.0,143.40225035136584
694,229.40863906291924,208.92416133390412,204.27481599470184,216.01414475843768,196.12329043714388,187.43469157086204,214.5335671491545,194.36133032225217,183.9827572155621,213.4986567076608,192.94376159653964,180.9750449776954,205.8509780279128,184.22315306452083,152.1974081268622,0.0,147.79340643910595,145.52237053517354,0.0,0.0,143.43245974558135
695,229.50596957039747,208.97746186391453,204.30283487989624,216.09457709121384,196.19832809215768,187.50595357967447,214.6118318822443,194.4423370272756,184.0810877560269,213.5767359981301,193.0286976363961,181.10655042682507,205.94186107551445,184.3081082839161,152.6281916782496,0.0,147.8287755508872,145.55265564834974,0.0,0.0,143.46265625775624
696,229.6032840608524,209.03096535556205,204.3300677230131,216.17510849147112,196.27343141693547,187.5760449569951,214.6900620599994,194.52336400630924,184.17799454504112,213.65477658225504,193.11367146466023,181.23623074341864,206.0327070195578,184.39273679376507,153.05923549824806,0.0,147.86415414741754,145.58292429427556,0.0,0.0,143.49286224076758
697,229.70062716707253,209.08462672063524,204.3566426298028,216.25564766239725,196.34860112697012,187.64508974399453,214.7683553508946,194.60441161098217,184.2734524266612,213.73282948956137,193.198635536397,181.3641037598157,206.12342027179747,184.4771133400224,153.49053029205618,0.0,147.8995103106301,145.61317567645273,0.0,0.0,143.5236064535087
698,229.7980433222191,209.13844786211504,204.38249602485303,216.33629080691776,196.42379136703212,187.71306753743275,214.84662190463573,194.6854336669385,184.3675824121948,213.8108051595888,193.2835894503056,181.4901393905652,206.21409231246625,184.5612642847278,153.92207453994706,0.0,147.93489129133692,145.64345666561928,0.0,0.0,143.56007263065203
699,229.8954364031108,209.1923841778102,204.40775597014948,216.41694677372152,196.4990963859429,187.77995905392456,214.9249122531423,194.76652407887104,184.46036080356723,213.88880132110944,193.3685329355837,181.61445499696543,206.3046278508737,184.6452623793949,154.35235199808423,0.0,147.9702239534362,145.67375165177697,0.0,0.0,143.59795369287724
700,229.992897378038,209.24653079207172,204.4323594711969,216.49766456280412,196.57447031251743,187.8458894847737,215.00327672361,194.84763672292468,184.5517651468006,213.96672879572208,193.45341931958447,181.73702210121223,206.39507156204783,184.72903779791065,154.78363965939866,0.0,148.0055468371215,145.70402213547646,0.0,0.0,143.63370525746544
701,230.09033042003384,209.3008429955353,204.45643435625465,216.5784929060759,196.6499140982505,187.91079265953684,215.0816255738957,194.9287723024392,184.6419182385172,214.04463843964257,193.53834175786525,181.85786206180285,206.48546808182607,184.81266158973065,154.9653287976912,0.0,148.04087547914514,145.7342747258808,0.0,0.0,143.67168891698614
702,230.1877795804224,209.3552763979096,204.47991805220897,216.6593405931579,196.7253823878221,187.974794502664,215.16000894406324,195.0098852471673,184.7307989083404,214.12258097093468,193.62325369748223,181.9769971063328,206.5757223406692,184.89615668496745,155.24269602535182,0.0,148.0761598369067,145.76459512185107,0.0,0.0,143.70862670548334
703,230.28528873341185,209.4099258042369,204.5029379645532,216.74025606134032,196.8009690578396,188.03787766567285,215.2384767442096,195.0910692395396,184.81838716187755,214.20046749942907,193.7081553487484,182.09445031902,206.6659253971446,184.9795920459579,155.52125991869207,0.0,148.11143360148614,145.7948548908763,0.0,0.0,143.74560984114797
704,230.3827622979356,209.46474669544384,204.52543178482105,216.8212874650788,196.876628704885,188.10002576251927,215.31693927754,195.1722787208579,184.904807264752,214.27834868035973,193.7930007524961,182.21019755017457,206.7559824886429,185.0628950131033,155.79992936456068,0.0,148.1467121807469,145.825122021262,0.0,0.0,143.78371889089414
705,230.48024408213303,209.51969486965123,204.5475263105809,216.902343493732,196.9523162518369,188.1613652049949,215.39549255203744,195.25346847151783,184.9900403028055,214.3562750115858,193.87788301138823,182.32435989453035,206.8459844175124,185.1461328135813,156.07867426953425,0.0,148.1819866695556,145.85544472801277,0.0,0.0,143.81968505458497
706,230.57777773355832,209.5748647747459,204.56915934408983,216.983518242319,197.02812536140948,188.22183281607,215.4740470193528,195.33473206763128,185.0740684588118,214.4341578253584,193.96275624958272,182.4369146693469,206.93583673229884,185.2293248647284,156.3574725220765,0.0,148.21726791818983,145.8857210095079,0.0,0.0,143.85788481021712
707,230.67526796424696,209.63021206052264,204.5904568968431,217.06472046927465,197.10401088281884,188.2815552789885,215.55265194367067,195.41602427330469,185.1570171090588,214.51209371613092,194.04762108610413,182.54788823600728,207.025629981258,185.3124897064149,156.63680656486355,0.0,148.25251216452835,145.91603518080578,0.0,0.0,143.89504117749087
708,230.7727583887965,209.6856926883616,204.6113567324207,217.1459975124656,197.1799740126139,188.34047023666324,215.6313563264221,195.4973462347569,185.23886928726915,214.5899942845249,194.13243221042435,182.65726008063416,207.11527003031165,185.39569153077628,156.91604962558168,0.0,148.28771071650067,145.94630266313183,0.0,0.0,143.9322145877096
709,230.87029247640703,209.74140071916267,204.63193716131568,217.22739640996176,197.2559700718004,188.398704453926,215.71007056078275,195.5786532211945,185.31960903381307,214.66790963007105,194.21728258694972,182.76515355299543,207.2048471756609,185.4788540397469,157.19524728380438,0.0,148.32291528747552,145.97656552284707,0.0,0.0,143.96448188747064
710,230.96777528296528,209.7972919492897,204.65227599279035,217.30882576882547,197.3320922175711,188.4561962352222,215.7888433527154,195.66003843903093,185.3993624482428,214.74588965524867,194.30212694940656,182.8715494190118,207.294267604214,185.5620397142834,157.4744182336351,0.0,148.35810737025776,146.0069058584755,0.0,0.0,143.99565215077865
711,231.0652962372571,209.8533682894512,204.67231041187785,217.39033228021432,197.4082956661199,188.51307223492813,215.86772312792849,195.7414571069725,185.47806717994524,214.82384607304925,194.3869662541206,182.9764769638249,207.383621365267,185.64526361758303,157.75357110526454,0.0,148.39332888750317,146.03718768656034,0.0,0.0,144.0264799511609
712,231.16276080484013,209.9095859639742,204.692163984508,217.47196233007776,197.4845359445453,188.5692712623965,215.94662016629204,195.82291052804928,185.5558497622934,214.901874472512,194.47175577259696,183.07991895676105,207.47281497062644,185.7285399603101,158.03294195723623,0.0,148.4284951622817,146.06750644936668,0.0,0.0,144.05783014192954
713,231.26021231123664,209.96603831795545,204.7117735172041,217.5536243575789,197.5609059030589,188.624919670066,216.02562838720377,195.9043544009756,185.63264878796963,214.9798867551916,194.55658824322623,183.1820005118332,207.5619382267922,185.8118821092644,158.31225751844366,0.0,148.46362987531467,146.09777796905246,0.0,0.0,144.08869156296896
714,231.35769396424607,210.02268139368783,204.73121492452387,217.6353643945089,197.63736094277348,188.6799566127104,216.1046581206775,195.98588148300425,185.7085910361024,215.05793227891192,194.64141894446124,183.2827054340303,207.6508979739756,185.89534868387568,158.5915334939844,0.0,148.49878465513729,146.12810063664904,0.0,0.0,144.11956858334617
715,231.4551116539496,210.0794715329391,204.7505634119514,217.7172281673249,197.7138567699556,188.73450795633283,216.1837569565377,196.0674473900211,185.78366255990832,215.1360601655884,194.7262490964909,183.38201858858363,207.73973818994585,185.97885918886203,158.8707788994348,0.0,148.53393667069838,146.15838710357778,0.0,0.0,144.15094549322214
716,231.55250864405969,210.13650163379128,204.76975474335163,217.7991239431643,197.79048589249493,188.788513044174,216.2629721779728,196.1490080451734,185.85785017546428,215.2141823165928,194.81103448733663,183.4800661605912,207.8285028218768,186.0624706498559,159.14999919090704,0.0,148.56902980090624,146.18871260032847,0.0,0.0,144.18236230198409
717,231.6499280954637,210.193727843703,204.7888630344016,217.8811426827003,197.8672038716602,188.8420970725664,216.34221392826933,196.23065594116963,185.9312804136179,215.29234760109065,194.8958675454089,183.5767870960263,207.91709898311456,186.14619317371287,159.42919779367463,0.0,148.60414208595435,146.21899042732613,0.0,0.0,144.21279842176372
718,231.7472763686239,210.2511066102711,204.8079615840069,217.96319269528288,197.94401195250464,188.8951994220524,216.4215291198958,196.3123468956801,186.0038938005335,215.3706046317805,194.9807040284836,183.6723082691425,208.0056161218137,186.2300360892632,159.708505831226,0.0,148.639228437578,146.24931864673297,0.0,0.0,144.24422082769476
719,231.8445967094977,210.30873035993667,204.82698488189035,218.0453188466209,198.0208661195968,188.947898282653,216.5009643498668,196.39403703076223,186.0758166412782,215.44886524623044,195.0655453519832,183.7666163510237,208.0939616936626,186.31400795850308,159.98766025334433,0.0,148.67429977032307,146.27959894148967,0.0,0.0,144.27565781400983
720,231.9419322741555,210.36651009593623,204.846004981837,218.1275657024161,198.09785822186328,189.0002714045401,216.5804295460244,196.4758185326744,186.1469898526344,215.5272231398785,195.15034775581185,183.8596989235652,208.1822249194242,186.39811659434184,160.26691148936197,0.0,148.7093670979186,146.30992928966984,0.0,0.0,144.307013171672
721,232.03918993524587,210.4245380735758,204.86504721719092,218.20984142141268,198.1749440784235,189.0522576973008,216.660016239693,196.55764739709272,186.2174931921504,215.60559022582217,195.2352032786283,183.95168330069612,208.2703136013192,186.48236907857583,160.54602935125723,0.0,148.7443672210925,146.34022250774655,0.0,0.0,144.33799018083644
722,232.1364129586896,210.4827705144887,204.8841820514424,218.2921902409745,198.2520798019508,189.1039801789169,216.7396343556053,196.63952505881343,186.28740620983805,215.6840143491458,195.3200680974629,184.0425112330568,208.35831673780444,186.56681728957568,160.82523381994295,0.0,148.77941409761604,146.3705392866806,0.0,0.0,144.36946872054602
723,232.2336445343939,210.5411639381348,204.9033418160762,218.3746561077528,198.32935683017067,189.1553774450844,216.81932955330933,196.72140793829203,186.3566698602074,215.7625430675275,195.4048986957653,184.13231027829923,208.44614248439424,186.6513758325765,161.10431830615866,0.0,148.81443399441343,146.4008369654956,0.0,0.0,144.40098346964857
724,232.3307920777084,210.5998100986507,204.9225955669997,218.4571470608703,198.40673109415275,189.20652552084564,216.899147168965,196.80338760952904,186.42540932390588,215.84108813611115,195.48978688488924,184.2210229460754,208.53387962210203,186.7360952602727,161.38348111204095,0.0,148.84942629293008,146.43114001989818,0.0,0.0,144.43673703925188
725,232.42794401054363,210.65866529552252,204.94201135299545,218.53970674300456,198.4841588179113,189.2574997753661,216.97899689025263,196.88542034212065,186.4935655630569,215.919696761322,195.57468906150672,184.3087768511481,208.62143666367533,186.8209799131596,161.66262195580094,0.0,148.88440192256232,146.46144449108797,0.0,0.0,144.47540242087106
726,232.52500827637508,210.71768612611191,204.96151984841424,218.6223785219214,198.56173100210324,189.3082378463237,217.05892366196647,196.9674626980096,186.5612628920527,215.9984158472292,195.6596068241415,184.3955151086129,208.70885726151909,186.9060334962262,161.94165720541017,0.0,148.91935361677497,146.4917822219952,0.0,0.0,144.51535763417684
727,232.6220281681173,210.77696382816345,204.98118760473213,218.70507035878745,198.6394036762684,189.3588140782773,217.1389721082992,197.0496058682035,186.62844213471607,216.0771569461737,195.7444970088623,184.48136520526728,208.7961850458948,186.9912590989175,162.220760239559,0.0,148.95431714135245,146.5220923634023,0.0,0.0,144.55536792713758
728,232.71904691375764,210.8364547720035,205.0010348559181,218.7878702663789,198.7171331599291,189.40930204701945,217.21905168632748,197.13180624781384,186.6951810224706,216.15601147278372,195.8294509098976,184.56627070549976,208.883328852702,187.07665921736245,162.4998431004026,0.0,148.98921922265342,146.55238289457873,0.0,0.0,144.59547645919153
729,232.81597303770127,210.89611562620533,205.0211262958598,218.8706863332681,198.79500999478847,189.4596381847753,217.29920663823367,197.2140205176807,186.76155674894989,216.2348909757613,195.91442524768132,184.65035878153856,208.9703771699548,187.1622357755021,162.77882964100263,0.0,149.0241185164798,146.58270710855643,0.0,0.0,144.63442095699062
730,232.91284991837085,210.956037100258,205.041390088728,218.9535612473846,198.8729902961484,189.50989487554364,217.37948089361143,197.2963394612418,186.8275094223229,216.31384143538207,195.99937703378384,184.7335732931463,209.05723920748025,187.2479901463577,163.05787588925557,0.0,149.05902871697515,146.61302344707508,0.0,0.0,144.67344594464774
731,233.00972087365412,211.0161756304847,205.06188936116047,219.03653745277475,198.95103046625744,189.5601436360952,217.459783700382,197.37871957861955,186.89316072512065,216.3929085140327,196.0843972452195,184.8160409133225,209.1440032556088,187.33392317458413,163.3369026261103,0.0,149.09387682257142,146.643319831719,0.0,0.0,144.71467537777755
732,233.1064950181268,211.07648795283205,205.08264118304152,219.1195230566325,199.02922056971525,189.6103194833208,217.5402032882144,197.4611176548737,186.9584502963792,216.4720035075843,196.16944275817607,184.8977056428477,209.2305789050675,187.4200351992748,163.6158395092676,0.0,149.12876487829288,146.67366019609554,0.0,0.0,144.74667264558158
733,233.20321582308955,211.13706423658616,205.10366182118645,219.20256029963844,199.1075167960703,189.6604926021668,217.620648934669,197.5436240386924,187.0234532846168,216.55117167503693,196.2544707345362,184.97869347638272,209.31705425378885,187.50632607539217,163.8948296716108,0.0,149.16357561078104,146.7039809490004,0.0,0.0,144.77850036604414
734,233.29992670033675,211.1978165968692,205.1250116405042,219.28569120542747,199.18587562144407,189.71073222919543,217.70116370395613,197.6261953212233,187.0882440992346,216.63045795253657,196.3395718020396,185.0589484058502,209.40333927940583,187.59279519649425,164.17380044578735,0.0,149.19842549227593,146.73425205939947,0.0,0.0,144.81034801981164
735,233.396537353142,211.25883498968344,205.1466154720363,219.3688239645913,199.26438661672867,189.7609717935217,217.7817903712907,197.708788376563,187.15276121495728,216.70977337187185,196.42470296805803,185.1385955716365,209.4894775124009,187.6794415181394,164.45268613733478,0.0,149.23319774067795,146.76458510620176,0.0,0.0,144.8482860527119
736,233.4930913444116,211.3200758803608,205.1685320945953,219.452000445248,199.34300603800003,189.8112790893068,217.8624380725788,197.7914930979162,187.21707788200783,216.78916246411663,196.5098215234236,185.21757881057889,209.57551247294973,187.76626357891533,164.7316198229694,0.0,149.2679937446536,146.79490935353772,0.0,0.0,144.88805825531878
737,233.5896321732041,211.3814960361765,205.1907745630513,219.53526231962525,199.42169042802084,189.861676129314,217.94314927538508,197.87426615464483,187.2812665110277,216.86866943770187,196.59501771518603,185.2959772299872,209.6613545074813,187.85325952380964,165.1940918298204,0.0,149.3027593206495,146.82523548238152,0.0,0.0,144.92793888388704
738,233.68607012409944,211.4431848602688,205.2133551352422,219.61851793935588,199.5005288492677,189.91222891903507,218.02396617586584,197.9570644974452,187.3452641895499,216.9482050633548,196.680248663348,185.37386940690345,209.74709148775008,187.94042712599983,165.55657285619102,0.0,149.33751505948197,146.85552970799407,0.0,0.0,144.9690084504096
739,233.78244883867336,211.5050988801088,205.2363298086828,219.70185312369293,199.57943353129755,189.96286842228176,218.1047978298641,198.039977544958,187.409142021524,217.0278573986019,196.7655158782699,185.4511984419983,209.8326341646201,188.02776380980123,165.91067342185346,0.0,149.37220695450435,146.88584092465388,0.0,0.0,144.99999234061457
740,233.87881188973188,211.5671949250499,205.25962017734787,219.7851765207068,199.65849334030617,190.0136590989036,218.185686170287,198.1229620344812,187.47292553337903,217.10753719834003,196.85077686615108,185.52808686753744,209.9180702411356,188.11526667233903,166.25692304060584,0.0,149.40695417208627,146.91617218847574,0.0,0.0,145.04215418916058
741,233.97507012562247,211.62956184064151,205.2832807079079,219.8685294691629,199.73766455749112,190.0646198563328,218.2666728839036,198.2059749845399,187.53668419171163,217.1872877319094,196.93612117514311,185.6044772970068,210.0033108795584,188.20293250475697,166.59557687118183,0.0,149.44160424475623,146.94647912000784,0.0,0.0,145.08568740130482
742,234.0713113362929,211.692112307786,205.307320542446,219.9519531564692,199.81690375089693,190.11581325612224,218.34766701513223,198.28910532307515,187.6003527995268,217.26715196013896,197.0215061237665,185.68044625926228,210.0883996305136,188.29075781500444,166.92704651999256,0.0,149.47627605297458,146.976775846647,0.0,0.0,145.1186254169409
743,234.16744688010564,211.7549349451916,205.33174806646903,220.03535651631427,199.8962992612899,190.16716767753388,218.42871003787903,198.37230984733893,187.66399936481008,217.3470404161022,197.106889305196,185.7560695519225,210.1733800452982,188.3787388470761,167.2517165882186,0.0,149.51091599083944,147.00709224561788,0.0,0.0,145.14483955327694
744,234.2635204111297,211.81798631037708,205.3565709219089,220.11878071801755,199.9758074241403,190.2187440883616,218.50984320609416,198.45554563581155,187.7276908737826,217.42699569949173,197.19235982872,185.83128859726247,210.25816369384967,188.4668716046864,167.5697752965089,0.0,149.5455625352684,147.0373985804188,0.0,0.0,145.17105391197816
745,234.3595755016096,211.8812232673345,205.38179601853065,220.20226680336967,200.0553848656918,190.2705581771924,218.59097563327683,198.5389011120756,187.7913603873293,217.50706011500023,197.277875087992,185.9061780235258,210.3428381097241,188.55515186863065,167.88156618767516,0.0,149.58018286104476,147.06772423528082,0.0,0.0,145.19725616714032
746,234.4555240285727,211.94473386902203,205.40747360599147,220.28572406702625,200.13511939087005,190.3226248223431,218.6721922667965,198.6223331280977,187.8550733534168,217.5871440202693,197.3633927495793,185.98081162513333,210.427315292367,188.64357522006668,168.18741186363062,0.0,149.6147417885772,147.09803951948598,0.0,0.0,145.22345844183235
747,234.5514096625617,212.00843110883747,205.43352101981023,220.36919358056784,200.21496739099928,190.3750022059642,218.753402459696,198.7057988176873,187.9188500384438,217.6672893938052,197.4490014641436,186.0551294052167,210.5116826299865,188.73213705778124,168.4874502791163,0.0,149.6493207760427,147.12835507296467,0.0,0.0,145.2496728846806
748,234.6472759807465,212.0724028092999,205.4599871561232,220.4527163116201,200.2948855482793,190.4276153395956,218.8346470320629,198.78938608782929,187.9827099112381,217.74753793988344,197.53461510526844,186.1292038372783,210.5958525588032,188.8208326188341,168.78197259133466,0.0,149.68382992041333,147.1586229393971,0.0,0.0,145.27591166965468
749,234.7430353501548,212.1366055655927,205.4868761443315,220.5362019837056,200.37496112762503,190.48052081925985,218.915966631914,198.8730083356114,188.0467157148368,217.82779989887567,197.620322154752,186.20306232511388,210.6799123298227,188.90965699743967,169.0711995411892,0.0,149.71836251261888,147.18893534223002,0.0,0.0,145.3021257135523
750,234.83873142542515,212.2009962831972,205.5141914589057,220.61969163715705,200.4551071389585,190.53373030595512,218.9972708244828,198.956753265884,188.1107971302844,217.90811669191527,197.70608003378084,186.2767757012953,210.7637748212857,188.9986051626452,169.35533890003617,0.0,149.75287142972138,147.21925153750166,0.0,0.0,145.32833940833152
751,234.934407758792,212.2656622161972,205.54193593878784,220.70322622899647,200.5354106311448,190.58725466991905,219.078600198246,199.0405777408409,188.17501529370412,217.98852949126567,197.7918464362438,186.3502816358724,210.84748370261104,189.08767197620452,169.634586469897,0.0,149.78732813474423,147.2495417567643,0.0,0.0,145.35458873387304
752,235.02997717235155,212.3305166843259,205.5701118028237,220.7867159703204,200.6158280142075,190.641103997194,219.1599951983155,199.1244389071956,188.23938643157044,218.0689484909471,197.87770935606943,186.4236494831856,210.93108265480583,189.1768522112036,169.90912698433013,0.0,149.8217889813883,147.27986102154563,0.0,0.0,145.38080152611664
753,235.1254832745296,212.3956467077156,205.5987206725104,220.8702019280468,200.69631599514665,190.6953313100768,219.2413656884692,199.2084239390544,188.3039697201078,218.1494580856807,197.96362626549129,186.49694757769487,211.0144850151516,189.2661405672628,170.1791349311101,0.0,149.85625787182445,147.3101576464915,0.0,0.0,145.4070382452737
754,235.22096956031768,212.4610089313358,205.62776358824152,220.9537251003896,200.77696107391128,190.7498577004308,219.3227521112572,199.2924897476012,188.36869220392728,218.22996862964183,198.0495549085196,186.57011179761724,211.09777793819532,189.355531686907,170.44477529702723,0.0,149.89062707781738,147.34047226879517,0.0,0.0,145.433274257066
755,235.3163492766484,212.5265603135131,205.65724102999235,221.0371962362782,200.8576765505239,190.80473470402669,219.4041947935966,199.3765935299984,188.433611454038,218.31052071582417,198.1355827784664,186.6432089138873,211.18087521972765,189.44502017326587,170.7062042465081,0.0,149.9250320303505,147.37077509021805,0.0,0.0,145.4595094652164
756,235.4116659540672,212.59238730452523,205.68715293986588,221.1206564727471,200.93854870502128,190.8599693717277,219.4856039800699,199.46082192437112,188.49874044822403,218.3911547336724,198.2216673921788,186.71626099884125,211.263820702112,189.53460060247053,170.96356974113732,0.0,149.9594074143145,147.40107695727426,0.0,0.0,145.4857437733309
757,235.5069630011942,212.65840356958392,205.7174987401104,221.20414689119227,201.0195339762212,190.91556802836763,219.56702004781505,199.54508883305311,188.56409136068632,218.4717811298621,198.3077665406853,186.78933292474537,211.34665824222688,189.624267540272,171.21701210553024,0.0,149.99376144428396,147.43137013736455,0.0,0.0,145.51200169753383
758,235.6021540586653,212.7246953244055,205.7483206476184,221.2875788138188,201.1005891032296,190.9715362839081,219.6484832836972,199.6294806791622,188.62967556993087,218.55244016004409,198.39396720475932,186.8623578962361,211.42930212141383,189.71401555416043,171.46666454619003,0.0,150.0280614437737,147.4616658729041,0.0,0.0,145.53823392817682
759,235.69728255352032,212.7912192754508,205.77953047506125,221.3709934802087,201.1817998144684,191.0278790510977,219.72990438683107,199.7139543851401,188.6955470428908,218.6331719059868,198.48022694296264,186.93539915486565,211.5118394331507,189.80383922887867,171.71265362408744,0.0,150.06236349267732,147.49196401232683,0.0,0.0,145.56448960595958
760,235.7923917804206,212.85793244981912,205.81116955742053,221.45443208255327,201.2630797166984,191.08460055969795,219.81132374101443,199.7984671631696,188.76162880844217,218.71388699812024,198.5665035901748,187.00847548874748,211.5941849321861,189.89373317780183,171.9550996927141,0.0,150.09663907393087,147.52223468327526,0.0,0.0,145.5907440212447
761,235.8873957486147,212.92492049291783,205.84323545533675,221.5378065387685,201.3445143156131,191.14174756516687,219.8927816600344,199.88310489270864,188.82797331477545,218.79462544495212,198.65288360515763,187.08160485424327,211.67642561145195,189.9836490507227,172.20611829342943,0.0,150.13090192342773,147.5525331653387,0.0,0.0,145.61700869428117
762,235.98233775717,212.9920974354709,205.87572531635232,221.62115820999915,201.4260600906877,191.19923655996385,219.97418936188933,199.9678245494252,188.8945888470109,218.87542711181945,198.7392817959198,187.15484766905777,211.75847670371616,190.0736676410665,172.4629957302921,0.0,150.16508182260156,147.58282234667675,0.0,0.0,145.64326036267556
763,236.077260964528,213.0595486888253,205.90863589887567,221.7045284135708,201.50767382783323,191.2571130628772,220.05558729589947,200.05258340256515,188.96148294677803,218.956202902376,198.82578441500243,187.22813361413367,211.8403823031191,190.16374063600904,172.71632437435298,0.0,150.1993087372469,147.61309843430934,0.0,0.0,145.6695309431564
764,236.17207972874127,213.1272310371703,205.9419635929018,221.78782967097,201.5894404810092,191.31537874931828,220.1370158584305,200.13746678514812,189.0286624238024,219.0369926688803,198.91234901741348,187.3015214631509,211.9221865281388,190.25386288056865,172.9661222770499,0.0,150.23347582042098,147.64337614088447,0.0,0.0,145.69582466147708
765,236.26683720024613,213.19510159120213,205.9757044413317,221.8711462638013,201.67127398353915,191.374034703306,220.2183868349004,200.2223891373114,189.096133370417,219.1178361486135,198.9989334345513,187.37502584767927,212.0038051218823,190.3440293012136,173.21254889562118,0.0,150.2676472585995,147.673670200302,0.0,0.0,145.7220714756489
766,236.3615763863067,213.26324519420132,206.0098541624465,221.95439125841608,201.7532590661331,191.4330814375763,220.29978351656464,200.3074355718557,189.1639011780242,219.1986446054096,199.08562338792845,187.44866057663188,212.08532505598944,190.43423491827565,173.45561397767904,0.0,150.30177677087934,147.70394650928844,0.0,0.0,145.74834116440476
767,236.4562119748916,213.331576262678,206.04440817144345,222.0376061542129,201.83535226569543,191.4925189119194,220.38111823110435,200.39256309179527,189.2320134252693,219.2794578192813,199.1723764734361,187.52248158834348,212.1666625605411,190.52447485314983,173.69532497662283,0.0,150.33583615542827,147.73421289410382,0.0,0.0,145.77460893235326
768,236.55078695625252,213.4001794063464,206.0793616002452,222.12083240248623,201.9175104304076,191.55234655674343,220.4624315582433,200.4777289981812,189.3003883657072,219.36031548220976,199.2591505664271,187.59641514355664,212.24786197078527,190.6147443355976,173.93182925630572,0.0,150.3699224026135,147.76448027124147,0.0,0.0,145.8008746814483
769,236.64534417201315,213.4689691161324,206.11470932041524,222.2039836617849,201.9998177415748,191.61256329209385,220.54376404392352,200.56301785676936,189.3690722966585,219.4411292961066,199.34603085178088,187.67051559530648,212.32896764661848,190.7050387135893,174.1650805974884,0.0,150.40396591811503,147.79474848614433,0.0,0.0,145.8271630701854
770,236.7397986309444,213.5380297678763,206.1504459624024,222.28710154246883,202.08218848181983,191.6731675490221,220.6250286310653,200.6483444121424,189.4380679724813,219.52198155990456,199.43293262102168,187.74479353194144,212.4098963393428,190.7953109668944,174.39521990288145,0.0,150.43801228858703,147.82501336821105,0.0,0.0,145.853445279764
771,236.83419315161444,213.60731824071283,206.1865659366015,222.37022759920205,202.16470660957089,191.7341572910589,220.7062660537853,200.7337930085353,189.50737753399457,219.6027844485793,199.51994084246752,187.81925876098973,212.4907350116877,190.8856417595433,174.62219668300656,0.0,150.471997057455,147.85528243990018,0.0,0.0,145.87976177924776
772,236.9285704048644,213.67679174726925,206.22306345464767,222.45327606322343,202.247328737051,191.7955300366397,220.7875170135283,200.8193206914102,189.5770025283409,219.68357771415705,199.60701311567624,187.8939203215912,212.5714009062024,190.9759842528996,174.84614631424765,0.0,150.50598404928851,147.88555675874585,0.0,0.0,145.90604344180605
773,237.0228457113626,213.74653409957327,206.25993254689263,222.5362886334008,202.33001179435533,191.85728287944087,220.8686950782973,200.9048848090897,189.64694392774496,219.7644010550465,199.69410732411123,187.96878649609656,212.65198089677776,191.0663343227248,175.0670149383245,0.0,150.53992734830103,147.91581632528042,0.0,0.0,145.93232261686882
774,237.1170617145554,213.81646020534612,206.29716708390515,222.61930694447105,202.41283919337252,191.91941251076744,220.94984114019485,200.9905691595977,189.7172021512744,219.8451671903101,199.78130789660804,188.0439073315472,212.73239271483888,191.15668798918213,175.28493323229307,0.0,150.57384027081497,147.94607106692618,0.0,0.0,145.95861161294027
775,237.21126090954928,213.88665364479155,206.33476079456565,222.7022457725922,202.4957255905295,191.9819152424853,221.0309960559312,201.07628881498533,189.78777708385468,219.92591597384185,199.8685303918076,188.11920459532988,212.81268099842111,191.24704142228168,175.49984476553232,0.0,150.60773616911936,147.97632142482755,0.0,0.0,145.9849189484779
776,237.3053589249381,213.957029412513,206.37270728498785,222.7851468765503,202.5787541769448,192.04478702580388,221.11207401461365,201.16212735251665,189.85866810001176,220.00668722106496,199.9558590192731,188.19472693076744,212.8928904061787,191.3373909442012,175.71183046110204,0.0,150.6416059539244,148.00657545200968,0.0,0.0,146.01123602100347
777,237.39939822922955,214.0276708567968,206.41100005669992,222.8680519416596,202.6618396805237,192.1080234763751,221.19311605602903,201.2479998959472,189.9298740811013,220.0873942381656,200.0432513936572,188.2704797456687,212.97293918757669,191.42773303337475,175.9209693682822,0.0,150.67543748113778,148.03679915989616,0.0,0.0,146.03752921569432
778,237.4934211396749,214.09849306393616,206.4496325237004,222.95087625685133,202.74506507212809,192.1716198922306,221.27416318088555,201.3339898018416,190.0013934410136,220.1680770193656,200.13066541952463,188.3464677714444,213.0529141974777,191.518022310234,176.12720218598042,0.0,150.70920566174064,148.06705690974184,0.0,0.0,146.06381945007337
779,237.58734359416536,214.169579150991,206.4885559893764,223.03366161120005,202.8283870606125,192.23557127893287,221.35513018127216,201.4200541620263,190.07322414521224,220.24877553034472,200.2181847651944,188.42269508003503,213.1327341667365,191.608339693732,176.33060589528873,0.0,150.74299456399967,148.0973246389731,0.0,0.0,146.09014025581678
780,237.681207884752,214.24088614068253,206.5278478949089,223.1164497076004,202.9117626821612,192.2998723673281,221.43605822540923,201.50615037981612,190.14536373325484,220.32940369115195,200.3057252771341,188.49916510327463,213.212443959617,191.6986400381488,176.5312108322135,0.0,150.7767379889084,148.12754573289735,0.0,0.0,146.11646979403693
781,237.77505615356145,214.3123713966006,206.567459386353,223.19915631608012,202.9952743660631,192.36451763615685,221.51698843388849,201.59236126952248,190.21780934007128,220.4100016600281,200.39337040394963,188.57588065175392,213.29208845400004,191.7889204681411,176.72909168686334,0.0,150.8104809076675,148.15775078628252,0.0,0.0,146.1427756106657
782,237.8688046483621,214.38411747988889,206.6073836958015,223.2818232215585,203.078837250096,192.4295013329135,221.59783617557207,201.67860231667805,190.2905577186577,220.49060956895767,200.48107779128256,188.65284393460072,213.37158687971524,191.8791782706041,176.92418717319924,0.0,150.8441594561649,148.18796957378706,0.0,0.0,146.1690780906817
783,237.9624954871213,214.45603993161023,206.6476140496788,223.36449211393932,203.162533546735,192.49481749294617,221.6786427190632,201.76495611617145,190.36360526056723,220.5711419634234,200.5688053806095,188.7300565802943,213.451026038953,191.96941089865228,177.11657094316988,0.0,150.87785734705238,148.21823697128286,0.0,0.0,146.19541097485032
784,238.0561706401281,214.52822108439915,206.68814368211545,223.4470792106981,203.24627847995592,192.5604599600684,221.75944927477093,201.85137984784188,190.4369480195741,220.651639171491,200.6566360803265,188.8075196554747,213.53032562416533,192.0595742787395,177.30627107137278,0.0,150.91150872891205,148.24843749191234,0.0,0.0,146.22174042380155
785,238.1497466665153,214.60057658329893,206.7289658493088,223.5296262626432,203.33015404523053,192.62642240684053,221.8401717545277,201.93783100793723,190.51062352155145,220.73214149415205,200.74448604709488,188.88523368893075,213.60953068310647,192.1497496689693,177.49331532849675,0.0,150.945119505878,148.27865128426708,0.0,0.0,146.248057329369
786,238.2432655136288,214.6731885323412,206.7700738422842,223.61217491567345,203.414117089828,192.69269835211577,221.9208514947343,202.02439165439247,190.5845435675213,220.81256409806764,200.8324379708945,188.9632404820386,213.68868626358747,192.2398932324851,177.6777756053489,0.0,150.97870173230078,148.30886773403975,0.0,0.0,146.27439203945312
787,238.33676898337663,214.7459726841482,206.81146100076344,223.694641804644,203.4981247945788,192.75928118140112,222.0015297599861,202.11097765903145,190.6587451679217,220.89294747360043,200.9204495461096,189.0414559178237,213.7677125235562,192.33000308021465,177.85959055391436,0.0,151.01224479676304,148.33908211978712,0.0,0.0,146.3007230234657
788,238.43017394825003,214.819010915804,206.8531207235683,223.7770686183117,203.5822586231733,192.82616416472675,222.08212297023843,202.19767086222544,190.73322323289875,220.9733320782647,201.0084787695969,189.11992087223692,213.8466961518812,192.42007748370995,178.03883198105603,0.0,151.0457588174144,148.36928536317333,0.0,0.0,146.3270535375086
789,238.5235221895475,214.89221909112013,206.8950464817501,223.8594969314348,203.6664342424277,192.8933404731429,222.16267249212964,202.28438721369184,190.8079308765525,221.0536336840537,201.0966077938696,189.198633930854,213.9255577394788,192.5100734326593,178.21552727776094,0.0,151.07923829272315,148.3994603644215,0.0,0.0,146.35340108643328
790,238.61685534267616,214.9656788605924,206.93723182890747,223.94184376984245,203.75073290216008,192.9608031983321,222.24321961002585,202.37120833784732,190.8829457459256,221.13389292386384,201.18475311003056,189.27759324768635,214.00434244697428,192.600072497252,178.38970392176986,0.0,151.1126961787264,148.42968671655763,0.0,0.0,146.3797453221708
791,238.71009059615065,215.039347476232,206.97967041147888,224.02415073564856,203.83507036992503,193.02854536827564,222.32368121488244,202.4580915297704,190.95822048975165,221.2141503885215,201.2729966529454,189.3567965676829,214.0830954148648,192.69003188783188,178.5613895363949,0.0,151.14612419803228,148.4598564834572,0.0,0.0,146.4060761943703
792,238.8032695674259,215.1131825432208,207.0223146591598,224.1064593095024,203.91952768274464,193.09655996322863,222.40409866852704,202.5449944098569,191.0337492046245,221.29432242975005,201.3612961863989,189.4362412483924,214.16173764836697,192.7799505056644,178.7306119468403,0.0,151.1795116068959,148.49005339524615,0.0,0.0,146.43241207031616
793,238.8964337294964,215.18726516524296,207.065241147646,224.1886868863781,204.0040207132612,193.16483993215,222.4845132394976,202.6319980719934,191.10952583213344,221.37444979356445,201.44960978330784,189.51592428211896,214.2403556344304,192.86982740252387,178.89739923153212,0.0,151.21286865355123,148.52025137829912,0.0,0.0,146.45876865986327
794,238.98950058895943,215.261511708997,207.1084024633178,224.2708749611185,204.0886302863544,193.23337820754875,222.56484225480867,202.7190188869509,191.1855441779764,221.45457317355027,201.53801884457127,189.5958423177963,214.3188707700764,192.9596205989477,179.0617797664551,0.0,151.24624333817573,148.55039676437434,0.0,0.0,146.48509896405676
795,239.08251160208687,215.3360030547683,207.15179271515453,224.3530236851205,204.1733134557752,193.3021677207921,222.64512703969285,202.80613773628937,191.2617979307797,221.53460946747165,201.6264402213118,189.6759916826988,214.39732822757588,193.04941189742792,179.22378226730558,0.0,151.27954128698929,148.58059251147895,0.0,0.0,146.51148108465634
796,239.17546691380792,215.4106556916695,207.19540614907623,224.43517445398425,204.2580276202119,193.37120141507623,222.7254088142391,202.89327108257453,191.3382806790584,221.61459950002703,201.7149551008189,189.7563684026798,214.47577313576912,193.13915950975067,179.38343582443997,0.0,151.31280820141947,148.61075666564457,0.0,0.0,146.53781473981886
797,239.268407852832,215.4855502781525,207.2392371527976,224.51724499004388,204.34285308032528,193.4404722606285,222.80560531013288,202.9804995950197,191.4149859298747,221.69458403362503,201.8034804015253,189.83696822532195,214.5541272368952,193.22886306253343,179.5407699364479,0.0,151.34605133666912,148.6409105106505,0.0,0.0,146.56417818143973
798,239.36125221360072,215.5606034307227,207.2832802631849,224.59927669076063,204.42770619749285,193.5099732651864,222.88575778667743,203.0677398327056,191.4919071234825,221.77448047276647,201.8920970958543,189.9177866396614,214.63247669748705,193.3185223170803,179.69581453684694,0.0,151.3792445230972,148.67107554739334,0.0,0.0,146.59054880607528
799,239.4540413097972,215.6358955851452,207.32753017154764,224.6813108206763,204.51266706384789,193.5796974891973,222.96590738823247,203.1550722537576,191.56903765264389,221.85432968636368,201.980763038279,189.99881889729747,214.7107435996313,193.40809626008124,179.84855720665098,0.0,151.41245356901646,148.7012022726372,0.0,0.0,146.61688053177176
800,239.5468163120344,215.7113434895536,207.37198172950283,224.76326543494724,204.5976521585661,193.6495971331684,223.0459722252509,203.24245433105847,191.64637087547547,221.9341724659031,202.06943639898503,190.08006003294443,214.78897299904523,193.49766682242108,179.99911457234214,0.0,151.44559030130068,148.73137388147703,0.0,0.0,146.64327662846873
801,239.63949533501363,215.78702735895484,207.4165891310194,224.84518179409628,204.6827413663249,193.7197473112221,223.12599346541364,203.3298438736373,191.72390013224089,222.01392668776512,202.1581976244243,190.1615048838225,214.86720987859425,193.587193144448,180.14747505599087,0.0,151.4787020681166,148.76149182375016,0.0,0.0,146.66962331026272
802,239.7321195358645,215.8628640757048,207.46142928510807,224.9271010213581,204.7678512887788,193.79010031081484,223.2060121555046,203.41732081854488,191.8016187596004,222.09363322584005,202.24696402910584,190.24314810957569,214.945376579396,193.6766754883569,180.2936705302421,0.0,151.5117628767791,148.7916436507603,0.0,0.0,146.69600926506817
803,239.82472992804813,215.9389336353308,207.5064566467356,225.00894149743016,204.85306160425068,193.8606495085843,223.2859467618337,203.50480218967328,191.879520104889,222.1733328662426,202.33581584733605,190.32498421193435,215.02351805636687,193.76611423355703,180.4377333810358,0.0,151.5448382035431,148.8217524433292,0.0,0.0,146.72237054325382
804,239.91724494734464,216.01515305862307,207.5516667469206,225.09074433598647,204.9382890403633,193.9313883856449,223.36583834217512,203.59236771659843,191.95759753953823,222.25294391958025,202.42467047679,190.40700755334103,215.10167917045024,193.8554692455609,180.5796965163481,0.0,151.57782195140405,148.85189018444436,0.0,0.0,146.74877109367117
805,240.009705594365,216.09160212320003,207.5970552961533,225.1725505148297,205.0236130697798,194.00231053488463,223.44568710917264,203.6799345333089,192.03584447178983,222.33250723161908,202.5136079412274,190.48921237512533,215.1797824652768,193.9448224655065,180.7195511324049,0.0,151.61079797695456,148.881988888213,0.0,0.0,146.7751214674427
806,240.1021527271756,216.16819799082705,207.6426181843809,225.25427873176616,205.10899106406112,194.0734096710817,223.5255340209713,203.76758216116104,192.1142543588721,222.41206354964572,202.602545725222,190.57159281383065,215.25791336613804,194.03413386889693,180.85741579167612,0.0,151.64376198807378,148.91210557377167,0.0,0.0,146.8015110911226
807,240.19450510128544,216.24502022249865,207.6883109497965,225.3359699505373,205.194380749535,194.1446796376717,223.605297857192,203.8552278492951,192.19282071938213,222.49153158615945,202.6915636432275,190.6541023007348,215.33599465292315,194.1234042518204,180.99328258581875,0.0,151.67665928288537,148.9421938107883,0.0,0.0,146.82788739250478
808,240.2868035628533,216.321986124662,207.7342110013834,225.4176649976125,205.2798610878823,194.2161144130513,223.6850195727604,203.94295091295567,192.27149661904824,222.57095212863743,202.7806196967713,190.73681612538127,215.4140709076906,194.21259407495333,181.12718649249896,0.0,151.7095225167953,148.97231010641633,0.0,0.0,146.85429094321006
809,240.3790888147487,216.3991750438052,207.78027416001305,225.49928288447973,205.3653493432215,194.28766766204632,223.76473999166444,204.03066871844027,192.35035685248783,222.6503658557344,202.86967221442205,190.81968753235435,215.49218658390544,194.3017852737388,181.25916298972027,0.0,151.98697810743425,149.00238694545845,0.0,0.0,146.88064354416048
810,240.4712799328604,216.4765447618816,207.82649705031892,225.5808644221688,205.45092427459787,194.35941464565715,223.8443782168517,204.1184603759312,192.42935458879504,222.72969185511928,202.95880049408004,190.90271041481247,215.5702645577114,194.3909383808056,181.3892063109309,0.0,152.63203860504186,149.032480926655,0.0,0.0,146.90706057869488
811,240.56341760747807,216.5540534306807,207.872876481507,225.66245028273192,205.53650328432315,194.4313092517299,223.9239750646344,204.20624337441927,192.50848369552784,222.80897082915584,203.0479224600988,190.98587864307908,215.6483895170696,194.48005453879784,181.5174365147951,0.0,153.27676873952646,149.06256058042473,0.0,0.0,146.9334262920413
812,240.65554238736723,216.63177987342024,207.9194094464538,225.7439597885125,205.6221649298602,194.5033460619221,224.0035712166375,204.2940966189176,192.5877381504949,222.8882433653983,203.13711720428373,191.06918608142257,215.72648450165565,194.56909473692693,181.64384861029487,0.0,153.922333620924,149.09263818960434,0.0,0.0,146.95983123360932
813,240.74757366766428,216.70964197824088,207.9660528946852,225.82543359579128,205.7078267556791,194.5755198196376,224.08308609160005,204.38197790872167,192.66711205057624,222.96742890267504,203.2263027515188,191.152626599036,215.8045935424851,194.6581408210496,181.76843842168856,0.0,154.56752281258582,149.12269820737865,0.0,0.0,146.98619707731837
814,240.8395519851185,216.7877183562161,208.01288472942804,225.9069122213961,205.793567119616,194.6478254353438,224.1625603590694,204.46984539170984,192.7465996188488,223.04656803834325,203.31555798832892,191.23619408766007,215.8827605035061,194.74715381617324,181.89132686447235,0.0,155.21243676187368,149.15272893732234,0.0,0.0,147.01260213254292
815,240.93147750171264,216.86592705386445,208.059862177134,225.9883152967089,205.87930371084923,194.72025798902973,224.2420345546448,204.55777746688088,192.8261952114216,223.12570125035347,203.4048010449718,191.3198824702041,215.96090841234152,194.83613513829653,182.01251040971584,0.0,155.85808768321843,149.18281660088846,0.0,0.0,147.03898034258566
816,241.02339062782767,216.94434647242767,208.1069829592433,226.06968332219893,205.96511468805983,194.7928127333273,224.3214284057804,204.64569214525,192.90589332525497,223.2047483099065,203.49411060328168,191.403685716109,216.039080921984,194.9250462411429,182.1319862988492,0.0,156.50343267104373,149.21285626364676,0.0,0.0,147.0654099663696
817,241.115211049249,217.0228948199237,208.15424497478256,226.1510566590816,206.05091788959425,194.86544507007287,224.4007824324817,204.73366762434853,192.98564854085944,223.2837496946481,203.583404902286,191.4875978509258,216.11732149537977,195.01396879682008,182.24987605288376,0.0,157.13726043319372,149.24286628424508,0.0,0.0,147.09183354745755
818,241.2069791640286,217.1016502902156,208.20164629825635,226.23235524586875,206.1367912757717,194.9382307376121,224.48013701940235,204.8216220494756,193.06553585038168,223.3627457574644,203.6727624205642,191.5716129694725,216.1955530845645,195.1028642578352,182.3661773974308,0.0,157.3662461157522,149.27290688139553,0.0,0.0,147.11820445885212
819,241.2987352286631,217.1805312562451,208.2491452756896,226.31361942755268,206.22265283821605,195.0111254109726,224.55941219935363,204.90963341792065,193.14551006507008,223.4416565898004,203.7621414066771,191.6557252439834,216.2738588993812,195.1916943321571,182.480888762854,0.0,157.59522300696892,149.30291665278995,0.0,0.0,147.14461455790848
820,241.39039924691784,217.2596157054049,208.2968202207327,226.3948494173177,206.3085803389412,195.0841250527101,224.63864834065973,204.99762001172584,193.2255662937993,223.5205225379749,203.85150044716525,191.73988898895064,216.3521619405768,195.2805406111221,182.5941319827849,0.0,157.8253227847202,149.3329232823859,0.0,0.0,147.17099689279937
821,241.4820114631624,217.3388221796924,208.34462972748747,226.476085436552,206.39449192571743,195.1572258048712,224.7178856748991,205.0856596291299,193.3056998094596,223.5993838192616,203.94091751663657,191.824178529896,216.4305050229937,195.3693647760644,182.70586489435485,0.0,158.05547383349878,149.36294103767128,0.0,0.0,147.19741840394653
822,241.5736119801552,217.41822846308,208.3925725463569,226.557247697562,206.48046516486943,195.23042398965453,224.7970445384053,205.17367069360893,193.38590605225704,223.67816083633224,204.0303113440562,191.9085483128825,216.50893073736165,195.45816855694096,182.81620951336848,0.0,158.28567370155122,149.39296157552724,0.0,0.0,147.22385818776462
823,241.66512111909225,217.4977532700932,208.44064758949608,226.638376404894,206.566418362694,195.3036763778432,224.87616514617355,205.26173080496696,193.4661806324927,223.7568937950396,204.11975970284067,191.99299291872865,216.5873619104212,195.54691401718785,182.9251649954996,0.0,158.5163845962717,149.4229256825535,0.0,0.0,147.25023169231835
824,241.7565789702432,217.5774741831073,208.48881427327527,226.7195116237248,206.65242889159524,195.37705919936863,224.95528757539603,205.34975853050776,193.54647961969417,223.83558297544704,204.2091814447692,192.07750704958443,216.66584081762028,195.635682436923,183.03273106734147,0.0,158.74662179482223,149.4529039462818,0.0,0.0,147.27668196444068
825,241.84802548383823,217.6573100931129,208.5371512192051,226.8005738722725,206.7384152198328,195.450529499362,225.03433246487413,205.43783127249569,193.6268784779163,223.914268471764,204.2986541429255,192.1620855359727,216.7444094922096,195.72443581943688,183.1390294963,0.0,158.97724391077207,149.48288899458848,0.0,0.0,147.30310002057092
826,241.93938129664213,217.7373383826691,208.5856180553982,226.881603199359,206.8244545255548,195.52408431473944,225.113339874604,205.5258677467052,193.7073335456799,223.99287095738072,204.3880967741756,192.24672334539167,216.82299053631405,195.81313640660056,183.24401947346348,0.0,159.2078217711657,149.5128760163018,0.0,0.0,147.3294892086202
827,242.03068634688407,217.81747812371307,208.6342143023317,226.9626395153529,206.91046544386464,195.59772086017955,225.1923497287366,205.6139451590378,193.7878411327256,224.07143051092376,204.47758671479383,192.3314155858532,216.90166525951813,195.9018652981436,183.34782255154667,0.0,159.4386157128819,149.54279107459632,0.0,0.0,147.35591753675993
828,242.12194081085065,217.8978065011928,208.6829001347664,227.04360364331737,206.9965249599621,195.6713970172541,225.2712829658763,205.7019823753706,193.86839772477657,224.14998707913728,204.56704306860823,192.4161575119336,216.98035622179324,195.99058465399543,183.4503981386605,0.0,159.669129593326,149.57274976827924,0.0,0.0,147.3823635931201
829,242.2131845011168,217.978242771592,208.73175441732195,227.1245354774352,207.08255187805307,195.74518944566168,225.35017949237627,205.79005640658607,193.9489999863275,224.2284616347349,204.65654301472992,192.50090504810984,217.05910462809484,196.0792963249376,183.5518674074643,0.0,159.8998251217793,149.60269489057174,0.0,0.0,147.40874218194602
830,242.304338342339,218.05886392524744,208.78073750370223,227.20547477247808,207.16862299249613,195.81905628226136,225.4290395629672,205.8780862731252,194.0296053356671,224.30689410683885,204.7460057905805,192.58573279658452,217.13795142075816,196.1679628131513,183.65218984477,0.0,160.13048046944348,149.63263506295408,0.0,0.0,147.43518526304808
831,242.3954421349061,218.1395894072113,208.82984945508167,227.2863426569707,207.25465727900607,195.8929954233849,225.5079029621919,205.96614879178125,194.11028972082008,224.385324292548,204.83550837785265,192.67059692016323,217.21681886927132,196.25666478612783,183.75148607667825,0.0,160.3611066149627,149.66251352426292,0.0,0.0,147.46160770841425
832,242.48653553797448,218.22049601497247,208.8790904583321,227.36717887020083,207.3407313423716,195.9670049306356,225.58669089604143,206.0541631400469,194.1910108289638,224.4636734612108,204.92497014957723,192.7554933030322,217.2957475306965,196.3453646354746,183.84971552939632,0.0,160.59170998705187,149.6924348006636,0.0,0.0,147.4880362306747
833,242.5775397912448,218.30150338664683,208.9284216032749,227.44802301269905,207.4267643345276,196.041043757131,225.6654431324503,206.14220594175995,194.27176602931547,224.5419813912773,205.01446789223925,192.84041799384497,217.3747776914116,196.4340249782836,183.94699811808405,0.0,160.82229453379048,149.72235685069407,0.0,0.0,147.5144569172005
834,242.66849454233943,218.38264893552588,208.97792183865263,227.5287965170164,207.51283267125945,196.1151889090885,225.7441993019609,206.2301965347376,194.35255286330667,224.6202877302187,205.10392111814883,192.9253672103281,217.45383130706543,196.52272621676724,184.0432930697673,0.0,161.05286276005972,149.75224307298453,0.0,0.0,147.54089302608116
835,242.7594392974583,218.4639700807559,209.02755238616768,227.6095389680276,207.5988556839076,196.1893995640998,225.82288091017543,206.3182113516003,194.4333690446988,224.69851404062888,205.19340641936392,193.01029812456872,217.5329875156528,196.61143083873569,184.1386794962484,0.0,161.28341628921422,149.78213442454026,0.0,0.0,147.5673335043535
836,242.8502956109505,218.54538656139323,209.0773138843808,227.69025057075945,207.6849096014105,196.26367440702504,225.9015275709258,206.4061698932332,194.5141733405341,224.77669995115872,205.2828434507012,193.09528580219012,217.612168188832,196.7001015525072,184.23323607715875,0.0,161.5140597377452,149.81202611142228,0.0,0.0,147.59379097913703
837,242.94110297718885,218.62697490118947,209.1271680405965,227.770970786238,207.77091393612764,196.33801227029008,225.98017876170604,206.4941484017547,194.5950421170126,224.85488495772103,205.372308610262,193.18028767904627,217.69141270237697,196.7888184648526,184.32692126735336,0.0,161.74458204945515,149.84189658411185,0.0,0.0,147.62016667856128
838,243.03190075051688,218.70865504345485,209.17719385310377,227.8516213209592,207.85694473293964,196.4123731099576,226.0587562867748,206.58206654570213,194.6759343867309,224.9329909168074,205.4617607112144,193.26530065669823,217.7707601562194,196.87754413836907,184.4198527211377,0.0,161.97518465523706,149.87171961899165,0.0,0.0,147.64661959920096
839,243.1226107979193,218.79050332873663,209.22735312258013,227.9322416206608,207.9429216895336,196.48683416989644,226.1372996068796,206.6700003764868,194.75684852445937,225.0110573055373,205.5511589223551,193.350321809916,217.8501321009803,196.96624135180284,184.51198836525265,0.0,162.20576659429358,149.90155361497918,0.0,0.0,147.6730637755104
840,243.21327246211555,218.87243990894984,209.2776468654871,228.01287099227235,208.02892066563163,196.5613555894676,226.21584804674143,206.75786973357728,194.8377830644696,225.0891234697164,205.640579157848,193.43534838613496,217.9295672435095,197.05498988846,184.60340497333388,0.0,162.43624788962754,149.93140230974169,0.0,0.0,147.69952433505114
841,243.3038859326431,218.95454094344507,209.32803733723344,228.09343144557167,208.11486154994068,196.63593674864185,226.29432370921816,206.84575048065167,194.91869781636748,225.1671115577169,205.72994163862532,193.5203388781944,218.00910402018744,197.1437523665477,184.694178682088,0.0,162.6667975928918,149.96122927105418,0.0,0.0,147.725939441993
842,243.39449042621104,219.0367267978529,209.37860349996947,228.1739622729002,208.20082001901224,196.71053830216127,226.3727659016099,206.9335626296421,194.9996694658996,225.2450608964208,205.8193220884721,193.60536881170847,218.08866367424787,197.2325304591742,184.78426618000955,0.0,162.897330215851,149.9910449838468,0.0,0.0,147.7523708940817
843,243.4850080962433,219.11907345401443,209.4293076636099,228.2545026288165,208.28671615385184,196.78523767356108,226.45117486787493,207.02138185742533,195.0806580352092,225.32297175788472,205.90864088204083,193.69039693730207,218.1682842642546,197.32128707805788,184.8737819266177,0.0,163.12777411354514,150.02085973446947,0.0,0.0,147.77881727114996
844,243.57547814726595,219.2015014947584,209.48015114850327,228.334974825178,208.3726254513849,196.8599956643468,226.5295897942277,207.10912835309097,195.16166265664432,225.4008833509684,205.9979735543112,193.7754211842204,218.2480035871042,197.4101014043331,184.9626817905352,0.0,163.35827766520902,150.0506521915638,0.0,0.0,147.80525438724806
845,243.66593964372305,219.2840867277111,209.53109669166412,228.4154180015474,208.4584681877929,196.93481213267268,226.6079330506747,207.19687760810177,195.24264388233053,225.4787180838522,206.0872406363716,193.86043964651225,218.32774261000543,197.4989361729562,185.0510393596812,0.0,163.5887656293184,150.08043288666278,0.0,0.0,147.83170765439337
846,243.75631505095012,219.36674995783588,209.58222313163915,228.4958323592856,208.5443196818374,197.0096870447389,226.68624380701007,207.2845499910284,195.323678653588,225.5565151484627,206.17651747416497,193.9454505839588,218.40757753029408,197.5877543298004,185.1389274088387,0.0,163.81917263891756,150.1102273758838,0.0,0.0,147.8581514594177
847,243.84664342178863,219.44956682194007,209.6334932228769,228.5762569143059,208.6301004097174,197.08458188742844,226.7645610977569,207.37222080917363,195.40472770106385,225.6343136031776,206.2657247594707,194.0304137967171,218.48742928501457,197.67663467747585,185.22630017530275,0.0,164.04963258957048,150.13996856588727,0.0,0.0,147.88461123088888
848,243.9369249517824,219.53245835214005,209.6848699715165,228.65661425204289,208.71588551258023,197.1595740898919,226.8428075900337,207.459810615336,195.48579069411184,225.7120361480773,206.35493765150864,194.11540519263897,218.5673348710216,197.7655014074032,185.31322903160745,0.0,164.28007754297656,150.16972794031844,0.0,0.0,147.91104956262214
849,244.02719856831365,219.61550001649363,209.7364321681125,228.7369433732256,208.8015956709244,197.23462523787416,226.92102230179057,207.54739453339667,195.56686742592555,225.7897218247341,206.4440770043356,194.20038480281983,218.64733105073023,197.85443318915384,185.3997844495828,0.0,164.5104470129247,150.1994701688319,0.0,0.0,147.93746548368972
850,244.11738702083423,219.69861307950592,209.78814280958875,228.817283141398,208.88730585186704,197.30973568424423,226.99924411611,207.63489330327505,195.647919344302,225.8674095418464,206.5332177917314,194.28535151798,218.72733856741704,197.94339272684263,185.48591884440853,0.0,164.74086408245478,150.2292042503434,0.0,0.0,147.96392148348582
851,244.20752922519503,219.7818728450692,209.8400035763364,228.8975564440329,208.9729369416154,197.38486746640453,227.077395997272,207.72238186804915,195.7290234963822,225.9450222910632,206.6222810343602,194.37030437926785,218.80739389358288,198.0323429324285,185.5717011602413,0.0,164.97120819064483,150.25891030283526,0.0,0.0,147.9903675074087
852,244.29766395657208,219.86520081342937,209.89197784465267,228.9778021298134,209.0585637360869,197.4600979983008,227.1555168115803,207.80978115672525,195.81014146295192,226.0225989639177,206.7113415213968,194.45520418789607,218.8875332897955,198.12136206814648,185.65716045675785,0.0,165.20159712912331,150.2886291934315,0.0,0.0,148.01682902478933
853,244.3877142749749,219.9486721281368,209.9441441427956,229.05805891035988,209.144107332296,197.5353893781744,227.2336452912771,207.89716593505227,195.8912734869456,226.1001783192333,206.8003204425288,194.5401271356094,218.967677373092,198.21041284581705,185.7423639001574,0.0,165.4319711597,150.318308920101,0.0,0.0,148.04328036269752
854,244.477718944012,220.0322085302633,209.9964658031544,229.13824997459056,209.2296423557923,197.6107422710312,227.31170469643843,207.9844573244048,195.9723816203612,226.1776836401447,206.8892924044009,194.6250342192625,219.04786216304112,198.29945818654227,185.82726110854887,0.0,165.66227571169384,150.3480058409947,0.0,0.0,148.0697214109255
855,244.56771658828623,220.11584675299025,210.04890639344788,229.2184140191193,209.3150901191476,197.6861191965183,227.38973374340725,208.07172991361088,196.0535429780073,226.2551536688057,206.9781787692481,194.7099250450212,219.1281234918873,198.38857592968984,185.91191759556645,0.0,165.89262115351298,150.37765878314516,0.0,0.0,148.09617766282147
856,244.65763057653868,220.1996235442067,210.1015442933773,229.2985512429046,209.40052508074592,197.7615974687265,227.46773266685992,208.15890502145248,196.13471970776936,226.33258866490328,207.06705396191504,194.79476112011423,219.2083819273485,198.4777287901958,185.9963591227816,0.0,166.2762646208311,150.40732367853693,0.0,0.0,148.12263618500185
857,244.74749952135025,220.28346082301377,210.15434300485256,229.37870021964812,209.48586877165204,197.83713963070605,227.5457400614033,208.2460570609256,196.21591242752075,226.4100272526087,207.1558395208114,194.8796188593496,219.28867311510612,198.56687969058103,186.08064929520543,0.0,166.6297590482804,150.43700028592167,0.0,0.0,148.14909703455655
858,244.83732362646367,220.367433539508,210.2073043738073,229.4587844102156,209.57119548585044,197.9127084724842,227.62367945417304,208.3331075523921,196.29708372783625,226.48739297440912,207.2446096901503,194.9644599323688,219.3690325414377,198.65610603764452,186.164734762358,0.0,166.97536709828262,150.4666420289981,0.0,0.0,148.17554718493204
859,244.9271413782123,220.45146386670075,210.26039224003145,229.5388423746101,209.6564269774504,197.98838127586103,227.7015894248788,208.420130735416,196.37831070340297,226.56472443777693,207.3332861886577,195.04928444651296,219.4493808103404,198.7453705433277,186.24867740166763,0.0,167.31336498953095,150.4962646770537,0.0,0.0,148.20198652529393
860,245.01687642863297,220.5356266058924,210.31368459996244,229.61891253541648,209.74159933774288,198.06412082675743,227.7795084169431,208.50704833442248,196.45955600102445,226.6420601183224,207.4219430809831,195.1340926232241,219.5297914203114,198.8346361309612,186.3324995169661,0.0,167.6442085469511,150.52586243692235,0.0,0.0,148.2284405881931
861,245.1065672530873,220.6198441889266,210.3671452001967,229.69891865375,209.82674867242105,198.13992816490983,227.8573602542146,208.5939344191057,196.54082054161395,226.71932384882464,207.5105022683708,195.2188468179313,219.6101851752275,198.92397976233323,186.4162609967412,0.0,167.96812642596018,150.55546095591447,0.0,0.0,148.25488363487452
862,245.1962521877996,220.70419127215663,210.42073800619207,229.77889913807428,209.91179688743435,198.21576645059,227.93518336487568,208.6807109220197,196.6220673850672,226.7965540878952,207.5989996861298,195.3036235122541,219.69059722666609,199.0133641467648,186.49990545190903,0.0,168.28547660514383,150.5850398586598,0.0,0.0,148.2813412132776
863,245.2858551917496,220.7885905505781,210.47454078244533,229.85889226097035,209.99681806920603,198.29171272302017,228.0130160434984,208.76745174428967,196.70337352140544,226.87378916344147,207.687471281923,195.3883851773526,219.77106261368905,199.10275220417404,186.58349101927644,0.0,168.59654638478546,150.61462656401528,0.0,0.0,148.30780041467884
864,245.375414589424,220.87311653958287,210.52851738234293,229.93882208260456,210.0817343587012,198.3677301052414,228.09078240822856,208.8540790305812,196.7847020306991,226.9509531977185,207.77583904581644,195.4731324484252,219.8515023237245,199.19222044582824,186.66703648487265,0.0,168.9016525501648,150.64420872826526,0.0,0.0,148.33426118682266
865,245.4649685668804,220.95769220226268,210.5826318738873,230.0187268611461,210.16661968832813,198.44378194823216,228.16852073836657,208.94066651711907,196.8660540635755,227.0280845017862,207.86417679529052,195.55782824702072,219.931951365952,199.2816937707961,186.75055975599847,0.0,169.20095109793772,150.67374703749445,0.0,0.0,148.36071052858657
866,245.5544413887092,221.04235412639213,210.6369617582357,230.0986067935076,210.25139643796257,198.51994515768567,228.24623126270745,209.02713656424976,196.94739308501624,227.10522125477087,207.95240671313653,195.6425490903885,220.01244466714047,199.37124851345905,186.83411606558883,0.0,169.49472695059077,150.70326997312023,0.0,0.0,148.3871483282558
867,245.64387122949304,221.12713891933208,210.6914709741848,230.1785000139837,210.33613839022104,198.59618302408643,228.32395213993985,209.1135627454547,197.0287958977688,227.18228786875912,208.04060244381307,195.72725797780456,220.09290348261803,199.460847311954,186.917645167856,0.0,169.78320254486988,150.73278786566084,0.0,0.0,148.41360017164965
868,245.73325829920807,221.2119697656453,210.74612367162604,230.2583308555187,210.4207681685224,198.67249676216468,228.4016077541637,209.19986764214764,197.1102259511381,227.2593225068576,208.128686364678,195.8119558845055,220.1733627634772,199.55045302024732,187.0012005776712,0.0,170.06658721738535,150.7623149965344,0.0,0.0,148.4400402644603
869,245.82264064493657,221.2969210337414,210.80099705955965,230.3381374391755,210.50535940869105,198.7488499954476,228.4792362486616,209.28608701195952,197.1916469250836,227.33632541980504,208.21673195048808,195.89660623229227,220.25385740442096,199.6401415118867,187.0847967436236,0.0,170.3450782164206,150.79180583309443,0.0,0.0,148.4664942073683
870,245.911942814542,221.381916187388,210.8560551437741,230.41795774995904,210.58983498402048,198.8253192628677,228.55687563148896,209.37225662765383,197.27313552739767,227.41333465255823,208.3046617779125,195.98128548669692,220.33430900856567,199.7298754238884,187.1684472685856,0.0,170.61886161400446,150.821275770648,0.0,0.0,148.49293619053583
871,246.0012028439722,221.46702946649435,210.911262137452,230.49771641806532,210.67426838753667,198.901868097955,228.6344505823625,209.45829922043671,197.354655396458,227.49027487644247,208.39254915349235,196.06595711014285,220.4147525447385,199.8196176113319,187.25216491893784,0.0,170.8881131361782,150.85073410790065,0.0,0.0,148.51940484257494
872,246.0904586317096,221.5521846195959,210.96669493267183,230.5774514155869,210.75858274540383,198.9784602484148,228.71199909419616,209.54428815960392,197.43620792575032,227.5671841215634,208.48031685658503,196.15062234476875,220.49522294803003,199.9094434843012,187.3359995229307,0.0,171.15299891618025,150.88021155652936,0.0,0.0,148.5458483887986
873,246.1796350288232,221.63745576101857,211.0223175862386,230.65720057791827,210.8428139161624,199.0551720324134,228.7895590273421,209.63014640721963,197.5177570947869,227.6441002859276,208.56803802765344,196.23524504561271,220.5756422375596,199.99927822533493,187.4198864178932,0.0,171.4136761805806,150.90964728166682,0.0,0.0,148.57227965322832
874,246.2687699221881,221.7227669281293,211.07809435863783,230.7368888323872,210.926997778272,199.13196708929485,228.86705535389035,209.71594718118007,197.5993792930126,227.7209483301067,208.65563565354688,196.3199015439729,220.6560454646004,200.0891970607654,187.5038738418033,0.0,171.67029387680347,150.9390556450979,0.0,0.0,148.598749833239
875,246.3578635244045,221.8081546907516,211.1341018033753,230.81655400140968,211.0110576613813,199.20880926676,228.94452591894893,209.8016136808412,197.6810384289997,227.79776613631088,208.7431827116053,196.40455569901647,220.7364676638701,200.17916256839123,187.58797134236235,0.0,171.92299324259992,150.96849779259682,0.0,0.0,148.62522048679983
876,246.4469535969811,221.8936556447857,211.1903040134391,230.89619627954457,211.0950669096592,199.28577463010305,229.02197094713333,209.8872189761491,197.7626986258602,227.8745539505968,208.8306023994084,196.4891716008126,220.8168313273128,200.2691375507304,187.67218769832465,0.0,172.17186498667604,150.99788245059705,0.0,0.0,148.6516529788378
877,246.53596527022424,221.9791940793466,211.24666528549284,230.97585336628464,211.1789491212601,199.3628269021492,229.09942816305315,209.9726865078131,197.8444360849687,227.95134953768013,208.91796753355567,196.5738255224384,220.89717163893147,200.3591967672264,187.75653093566865,0.0,172.41712348829253,151.02725459384442,0.0,0.0,148.67811141704493
878,246.62493629442483,222.0648439969009,211.30326181324088,231.055450460042,211.262777512038,199.43993000853584,229.17682280459456,210.05808920095097,197.92621483718085,228.02807811746817,209.00520152732824,196.65848153205425,220.9775237801424,200.4492655525336,187.8410083444525,0.0,172.67683759859224,151.05664458439006,0.0,0.0,148.70455728612745
879,246.7139042801566,222.1505299860613,211.36005771527823,231.13502524652085,211.34647595490864,199.51715973415693,229.2541925812613,210.1433507446875,198.0079991220408,228.10477743877212,209.0923770395744,196.74314117387144,221.0578107555076,200.5394184797307,187.9256264974148,0.0,172.9368232628983,151.0859919296068,0.0,0.0,148.7309900787304
880,246.80279466116733,222.236325933822,211.417017313916,231.21461527609435,211.4301175425209,199.59447986470693,229.331575069004,210.2285439235216,198.08986491788244,228.1814851209633,209.1794177029564,196.82776886330623,221.13806791737147,200.62961808285047,188.01039126716643,0.0,173.19311162430907,151.11532859683234,0.0,0.0,148.75742273878643
881,246.8916450378003,222.3221567312196,211.4742164257118,231.29414604302667,211.51362642859044,199.67185438581123,229.40889579859945,210.3135926782336,198.171776353382,228.25812667032824,209.26639602263745,196.912440601072,221.2183306242099,200.71982712592725,188.09534529839752,0.0,173.44585950596917,151.14465768823493,0.0,0.0,148.78390689441687
882,246.98045562559696,222.40809615159705,211.53161918744,231.37365508454548,211.597075587639,199.74935877504169,229.48619233131,210.3985325401661,198.25369776026943,228.33473969082843,209.35323585469047,196.9971207483233,221.29852241826384,200.810119715593,188.18041818868383,0.0,173.69509164405204,151.1739557461791,0.0,0.0,148.8103519668294
883,247.0692638990548,222.49406939129045,211.5891899372108,231.45314259461512,211.680389459946,199.8269568646752,229.563464888886,210.4833990623135,198.33570486248647,228.41136165413755,209.4399724819264,197.0817738800137,221.3786788405455,200.9004213596328,188.26565131190992,0.0,173.94082970204806,151.20327059297892,0.0,0.0,148.83678369734614
884,247.15799556930884,222.5801130664796,211.64700410104572,231.53264598722143,211.7636038672926,199.90461268512985,229.64075091289976,210.56811638843624,198.4177618638181,228.48791835507168,209.52664120429085,197.16647584143763,221.45883543981896,200.99080597982885,188.3510479400808,0.0,174.18321686283525,151.23252684743824,0.0,0.0,148.86321488278946
885,247.2466880997708,222.66626382126947,211.70502582617607,231.6120910264904,211.84675466429863,199.9824013833704,229.7179761981094,210.6527571589544,198.49987015301792,228.5644472505788,209.61316603660345,197.251191130414,221.53891630708205,201.0812360819904,188.43661074684573,0.0,174.422225956347,151.26180425286407,0.0,0.0,148.88968470021766
886,247.3353788155315,222.7524471278061,211.7632194605787,231.6915151139752,211.92976654524324,200.06028682406512,229.79517817102945,210.7372457844012,198.5819942152469,228.6409485811315,209.69961929961573,197.3359214023718,221.61895717548128,201.171674409049,188.52234182904704,0.0,174.6579928412141,151.29104309986894,0.0,0.0,148.9161406849032
887,247.4239937294769,222.8387366719376,211.8216600285156,231.77095551545543,212.0127124008272,200.13823306854823,229.87239412604336,210.8216547805717,198.66420926562503,228.7174596865088,209.78592524473163,197.420631462344,221.6989937847298,201.2621944179584,188.6082427282503,0.0,174.89048500348284,151.32029284030008,0.0,0.0,148.9425697716183
888,247.512570154752,222.92505823735007,211.88027484203096,231.850338290512,212.0955172288193,200.21631491380765,229.9495501484237,210.9059088323458,198.74647964177143,228.7939066192885,209.87215605029652,197.50539676523724,221.7789507686493,201.3527218134343,188.69431445257413,0.0,175.11983204395509,151.34949329345824,0.0,0.0,148.9689849738994
889,247.60110831011724,223.01148540290453,211.93913877467293,231.92970069182223,212.17825382115447,200.2944962450485,230.02668351844804,210.99008033519064,198.82876987663545,228.8703267042204,209.95823620998124,197.59018201411,221.8588640443814,201.4433298673385,188.78055749963656,0.0,175.3459971241705,151.37870430685592,0.0,0.0,148.99541203303698
890,247.6896453827712,223.0979442646235,211.99821591840816,232.0090429118441,212.26084748536715,200.37274114478168,230.1037944545746,211.07409425358705,198.91115486824543,228.94675713651736,210.0442377634128,197.67495211116525,221.93876952887024,201.5339442960993,188.86697187800743,0.0,175.56910452358474,151.40786567264632,0.0,0.0,149.0218774872913
891,247.77810766305947,223.18447152222723,212.0574705693232,232.0884020810331,212.3433709197225,200.4511240406496,230.1809201162677,211.157986104158,198.99359898939665,229.02312425380748,210.1300854511986,197.7597822733944,222.0185923822903,201.62463818878584,188.953557130202,0.0,175.78911397750383,151.43705748722613,0.0,0.0,149.0483021811132
892,247.86653232716355,223.2711039008801,212.11697718087328,232.16770452734303,212.42574974809227,200.5296088314572,230.2579868532129,211.24179143375403,199.0760668053103,229.09946523653736,210.2158511804557,197.8446372821217,222.0983686851739,201.715374008492,189.04031235550804,0.0,176.006145267542,151.4661895335183,0.0,0.0,149.07473887605892
893,247.95495641503763,223.3577677834772,212.17669984705665,232.24698736813863,212.50801990564705,200.6081596108028,230.33503181057705,211.32543545343347,199.15863287584105,229.1758171335841,210.3014599435841,197.9294821134339,222.1781345079697,201.8061144651375,189.1272362314807,0.0,176.22015549475094,151.49534114969134,0.0,0.0,149.10120059964794
894,248.04330651502823,223.44453666441967,212.23660286730464,232.3262875869861,212.590217369004,200.6868504237948,230.4120920010148,211.40899046944617,199.2412615950489,229.25210656964805,210.38694688037123,198.01439171669185,222.25781551166497,201.8969321874532,189.21432703758524,0.0,176.43122089568806,151.52443280616106,0.0,0.0,149.12762099770035
895,248.13161965544603,223.53133724111248,212.29676026847687,232.40553180460603,212.67226806404145,200.7656451742345,230.4890940641241,211.492381989596,199.3239175488829,229.3283705789323,210.47234715575644,198.0993309306823,222.3374479104945,201.98775312503312,189.3015826765739,0.0,176.6393762404033,151.5535435313237,0.0,0.0,149.1540267550956
896,248.2198960554201,223.6182428990937,212.3570996265246,232.48475699100592,212.75424466805973,200.8445079620662,230.56607499836693,211.5756822200744,199.4066749392625,229.40460939671817,210.5575859687058,198.1842647863397,222.41706789876244,202.07864972484904,189.3890006972396,0.0,176.84469483874992,151.58261434791163,0.0,0.0,149.18047015763594
897,248.3081726174583,223.70518064923067,212.41769480283256,232.56396333753383,212.8360734407914,200.92351243665232,230.6430350199124,211.65881697095853,199.48949817186852,229.48085994049,210.6427350954028,198.26926793726983,222.49660160514867,202.1695844726661,189.4765783166041,0.0,177.04713000975067,151.6116939486789,0.0,0.0,149.20689878253606
898,248.39637620592777,223.79218727352685,212.47850983354977,232.64318769184337,212.91782698662044,201.00262250255645,230.7200110068514,211.74185835616188,199.57235184336844,229.5570490918698,210.72772000294736,198.35430526267865,222.5760853438344,202.26052010611977,189.5643124412832,0.0,177.24675331954202,151.64075747458332,0.0,0.0,149.23329888989483
899,248.4845437116697,223.8792995751716,212.53950896316664,232.72235694261343,212.99943190657729,201.08180226186212,230.79692986193552,211.82473249538705,199.6553097819927,229.63321375381128,210.81261235103835,198.4393418312388,222.6555553973066,202.35152861759525,189.6521996889142,0.0,177.44359590744534,151.6697756714151,0.0,0.0,149.25977661479806
900,248.57267535497465,223.96644484894668,212.6007656179038,232.8015079253531,213.080924328728,201.1611249576856,230.87382845035148,211.90747500708773,199.7383000317427,229.70939069922244,210.8973378803648,198.5244519759476,222.73493832659864,202.44253621592745,189.74023641046207,0.0,177.63772743477182,151.69879658262,0.0,0.0,149.2861725297856
901,248.6608079010236,224.05369638344408,212.66224383717525,232.88067734063253,213.16234043060783,201.24055449322245,230.95074350333044,211.99012155103773,199.8213962865751,229.7855070944763,210.9819681386224,198.60960060184584,222.814270510648,202.5336147142417,189.82841871041023,0.0,177.82909965165734,151.7277959986126,0.0,0.0,149.3125790782415
902,248.74886848929705,224.1409817818576,212.72390787267813,232.95979236916497,213.2436071535636,201.3200549691865,231.0276022125605,212.0725985432554,199.90456289326323,229.861599697783,211.06642914787287,198.6947528002892,222.8935882831349,202.6246903589825,189.9167424674194,0.0,178.0177814221886,151.7567649231274,0.0,0.0,149.33902371602667
903,248.8368938734696,224.22837421459872,212.78583071090367,233.0388896994513,213.3247971306081,201.39969921526367,231.10444129658904,212.15497807248929,199.9877643889192,229.93766874087143,211.1507560577114,198.7799825642968,222.9728186012082,202.71583478577503,190.0052033547072,0.0,178.20380213141726,151.7857206859148,0.0,0.0,149.36542536333275
904,248.9249206719926,224.3158015901178,212.8479402140381,233.11796952068568,213.40583766017863,201.4794149407737,231.1812609689302,212.2371868838188,200.07107407179404,230.0137508652525,211.23498405204643,198.8652548102475,223.0519978727175,202.80697428254064,190.0937968598789,0.0,178.38719096243997,151.81469545535728,0.0,0.0,149.39183821317496
905,249.01287632008945,224.4033007437833,212.910309196749,233.1970683990071,213.48680132310724,201.5592748181631,231.25809782681785,212.319296994208,200.1544562829584,230.08977349390176,211.31903940406664,198.9505346422755,223.1311624483844,202.8981803084801,190.18251830412515,0.0,178.56797697842396,151.84358790387734,0.0,0.0,149.41824838073504
906,249.10079742418392,224.49090852205265,212.9729016504029,233.2761137815708,213.5676157824732,201.63924268375268,231.3348793244961,212.40123548433544,200.2378755555952,230.1657732538421,211.40299358895865,199.0358956922261,223.2102396473857,202.9894153693511,190.27136286223995,0.0,178.7461891976813,151.87250267457117,0.0,0.0,149.44465552503473
907,249.1886842045213,224.57855310170555,213.035681784368,233.35514222224683,213.64831743251008,201.71928257682964,231.41164204707667,212.4830743058609,200.32140478225543,230.24178664257408,211.48677317801872,199.12130288075457,223.2892658724627,203.08064223415968,190.3603255792541,0.0,178.92185666304047,151.90139978032497,0.0,0.0,149.47108700339342
908,249.2765731414754,224.6663075165021,213.0987219702561,233.4341901407624,213.72894272562647,201.79946674519192,231.48842244660568,212.5647408827664,200.4050082953724,230.31774136669256,211.57044955452324,199.2067213129418,223.36827745977888,203.17193191672447,190.44940138933805,0.0,179.09500850585889,151.93025707147507,0.0,0.0,149.49746157550695
909,249.36439194461303,224.7541002366515,213.16195022220973,233.5131852748126,213.8094197000904,201.8797230099038,231.565148264466,212.64627106484227,200.4886506234471,230.3936739093424,211.65394959523363,199.29222424564784,223.44720206016703,203.26321101085003,190.53858513433465,0.0,179.26567400378528,151.9591017419624,0.0,0.0,149.5238870164683
910,249.452177083225,224.8419681218055,213.2254387388505,233.5921640314789,213.88982101141795,201.96012345537588,231.64185593996683,212.727700754564,200.57240424291,230.4695844983341,211.7373445983594,199.3777765945352,223.5260760426516,203.3545503565477,190.6278715785297,0.0,179.43388263446874,151.98794545826922,0.0,0.0,149.55026817284568
911,249.53996489135653,224.92994803411585,213.2891514758652,233.6711265988399,213.97007507706883,202.0406318578277,231.71854568314632,212.80895772356345,200.65619754617296,230.54550950048625,211.82056175198824,199.4633434594731,223.60493570030167,203.44587660455065,190.71725542685613,0.0,179.59966412229275,152.01677621286024,0.0,0.0,149.57668714689754
912,249.62768337196303,225.01796868893229,213.35305261100223,233.75010926173607,214.05025451894133,202.1212121981561,231.79525381261257,212.89011396883967,200.7401028525332,230.6213768778165,211.9036363372184,199.54899770914605,223.68370899003867,203.53726042240308,190.80673133969265,0.0,179.76304848256427,152.04555777467792,0.0,0.0,149.60307525457435
913,249.7153688478669,225.1061029393599,213.4172138993468,233.8290400238589,214.1302881376635,202.2019361318451,231.87190833148333,212.97109762256667,200.82408442019312,230.6972229829149,211.98660367865887,199.6347042479873,223.7624322225812,203.6286285211673,190.89629394843223,0.0,179.92406605983138,152.0743227743872,0.0,0.0,149.62948741662734
914,249.80302153840748,225.1942797751427,213.4815635258946,233.90795515812312,214.21021265917383,202.28276743799432,231.94854554555312,213.051980639098,200.90810670583005,230.77308403886423,212.069391267166,199.72042816678584,223.8411416257508,203.7200513969595,190.98593786970568,0.0,180.08274756003863,152.10307228029444,0.0,0.0,149.6558545516505
915,249.89067764099727,225.28257189031828,213.5461730701554,233.98689080366245,214.2900648710912,202.363670105694,232.0252016287383,213.1326915186604,200.9922416042684,230.84888828967968,212.15207039553047,199.8062419339122,223.91976544122028,203.8114916448995,191.07565772057345,0.0,180.2391240815083,152.13182357692293,0.0,0.0,149.6822593789425
916,249.9782654310327,225.37090853861253,213.61100646775327,234.0657752535727,214.3697739780181,202.4447153580472,232.10180486994912,213.213266402589,201.0764533675388,230.9246719446301,212.2345688850154,199.89207469312225,223.9983399016752,203.90291213446744,191.16541223837453,0.0,180.3932271399156,152.160540320679,0.0,0.0,149.7086188146784
917,250.06582109410505,225.4593264947024,213.6760278805311,234.14464463471364,214.44941271382189,202.52583129758256,232.1783914296724,213.29374149304232,201.16070644773453,231.00043522859005,212.316957966924,199.97799876236692,224.07690115192327,203.99438292564955,191.25526792001523,0.0,180.5450886883848,152.18923280572474,0.0,0.0,149.73501587118665
918,250.1533448498498,225.5478625155305,213.74130844532183,234.2234991324241,214.52891067623403,202.60708898005183,232.2549615149493,213.3740456743312,201.2450723124649,231.07621423324093,212.3991658001036,200.06397896097624,224.15537770157508,204.0858310801165,191.3451835115672,0.0,180.6947411356856,152.21792643944417,0.0,0.0,149.76138019104224
919,250.2408727589045,225.6364460538388,213.80677653991265,234.30237475245025,214.60834057645525,202.68845214074264,232.3315511665372,213.45425099861427,201.32947959328456,231.15193745837155,212.48122787880487,200.14998029798105,224.23380569185184,204.17732648982377,191.43515375716788,0.0,180.84221735878583,152.24656820710192,0.0,0.0,149.7877830183558
920,250.32833336778265,225.72514953630417,213.87250312677745,234.3812000519193,214.6876324096225,202.7698847310117,232.40808893422945,213.5342867336932,201.413999591016,231.22764098271435,212.5631797498592,200.23607467591933,224.3122211701762,204.26879629066025,191.52517346154528,0.0,180.98751356375192,152.27519544242762,0.0,0.0,149.81412583012158
921,250.4157627263044,225.8139026531466,213.9384165939512,234.4600110239141,214.76682327544705,202.85145737345184,232.4846108452749,213.61418929837467,201.4985964933928,231.30336075538864,212.64494991555807,200.3222268996821,224.39055290275567,204.3603102076218,191.61523750135748,0.0,181.13073800839376,152.3038043023078,0.0,0.0,149.84051915191384
922,250.50319674859333,225.902742061762,214.004587729972,234.53880785273304,214.8459503378305,202.9330983269387,232.56115279598973,213.6939951772307,201.58323469335943,231.37902555714385,212.7266096568676,200.408401963617,224.4688369269328,204.45179545490603,191.705340834579,0.0,181.27188775405983,152.33241366754447,0.0,0.0,149.86689499995873
923,250.5905642731624,225.99170438554816,214.07098043136256,234.61762640979853,214.92494401152103,203.01487804643088,232.637643620886,213.77363404567248,201.66798506072325,231.4546713236472,212.8080878317841,200.49467135109649,224.54710918470863,204.54332159071595,191.7954785097856,0.0,181.41099761569643,152.36098737763808,0.0,0.0,149.89322417241988
924,250.677901202901,226.08071946905028,214.13755883205323,234.69639551687925,215.00387713446256,203.09676023961512,232.71411920309765,213.853178082786,201.7527763514629,231.53029827571623,212.8894556819393,200.5809644051371,224.6252986895409,204.6348159120305,191.885645674298,0.0,181.54810289225128,152.3895458593441,0.0,0.0,149.91961678603218
925,250.7652077560761,226.1698593920834,214.20439327930976,234.7751510327628,215.0826805206481,203.178708835547,232.79057974622688,213.9325573605695,201.8376792682064,231.6059422321736,212.9706424287453,200.6673524464061,224.7034413681036,204.7263478116771,191.97583758349128,0.0,181.6832026033133,152.41806833929132,0.0,0.0,149.94595038469834
926,250.85251971067365,226.2590542045784,214.27141238570067,234.8539286833394,215.16139157104345,203.2607938583852,232.8670610137279,214.01184404396307,201.9226579463584,231.6815322281566,213.0516838599784,200.75380019548268,224.78157305028952,204.817844672089,192.06601412191765,0.0,181.81640663489023,152.4466060528641,0.0,0.0,149.97232031720714
927,250.9397661748953,226.34834036347587,214.3386863257474,234.9326575773308,215.24004774746064,203.342943744994,232.94349209945293,214.09096860591723,202.0076767326516,231.75710406933285,213.13261582592912,200.8402725689468,224.85962299087112,204.90937572276653,192.1562418132941,0.0,181.94771480661845,152.47509202340015,0.0,0.0,149.99868525362933
928,251.02698291616943,226.4377542724322,214.4061437360528,235.01137342898,215.31858028356385,203.4252283522315,233.0199087542109,214.1699678635132,202.0928058970169,231.83265797376148,213.2133679284542,200.9268404595296,224.9376270014441,205.00090376177715,192.24648073026296,0.0,182.0771276792963,152.5035620806378,0.0,0.0,150.02498955966425
929,251.114170151217,226.52722608414743,214.47385461883133,235.0900764207769,215.3970621378081,203.5075761234864,233.0963111793386,214.24887870287813,202.17797434145984,231.90822963042325,213.29401151171032,201.0134685777509,225.01562079439867,205.09239187569207,192.33672662633955,0.0,182.20475612209816,152.53201086225926,0.0,0.0,150.05134409526283
930,251.2013635224648,226.61682744012293,214.54178286944892,235.168802144562,215.47542493904663,203.5900567491035,233.1727350059161,214.3276320259473,202.2632521676887,231.9837483284089,213.3744765580361,201.1001218333275,225.09353386350244,205.18390887099648,192.42697539443267,0.0,182.3306013978564,152.56044338571562,0.0,0.0,150.0777063532777
931,251.2884924076157,226.70648866179167,214.6098926265614,235.2474799726388,215.55370637605523,203.6726338930885,233.2491095870504,214.4063001508415,202.3486034751513,232.05924974302224,213.4548343910768,201.1868706898632,225.17140190149,205.2753825391325,192.51722307027308,0.0,182.45466547699652,152.5888388936479,0.0,0.0,150.1040085974217
932,251.37559243695995,226.7962459117921,214.67825345704475,235.32614548489204,215.6319441921941,203.7552714502538,233.32547054052347,214.4848143857556,202.43399258199244,232.1347694204228,213.5350153785184,201.27364472217448,225.2492605010472,205.36688152491425,192.6074658387421,0.0,182.57706000703504,152.61723320363353,0.0,0.0,150.13035988601018
933,251.4626991075613,226.8861352786175,214.74679425334344,235.4047988626765,215.71007042364863,203.8380386830652,233.40185335392616,214.56321187448447,202.519489158707,232.21023692899823,213.6150556741439,201.3605142264524,225.32703939260097,205.45833371773145,192.69770003598708,0.0,182.6977875228264,152.64557475632037,0.0,0.0,150.15670551677368
934,251.5497420855408,226.9760871303453,214.8155844105651,235.4834755649164,215.7881581229337,203.9208642488224,233.47818766280645,214.6415298296949,202.60502227615825,232.2856878022856,213.69499150015903,201.44744384675212,225.4047741480172,205.54980760258152,192.78788699673925,0.0,182.81685121245167,152.67391476209667,0.0,0.0,150.18298941688298
935,251.63675685635263,227.06617257063672,214.8845528589048,235.5621052258328,215.86613970881888,204.00381724550263,233.5545089414321,214.719699993536,202.69066143708204,232.3611222546638,213.77475363601303,201.5343984305344,225.48246506459816,205.6412311704341,192.87809374851292,0.0,182.9343632459105,152.7022325041796,0.0,0.0,150.209323323685
936,251.7237436355551,227.15632209753448,214.9537688239618,235.6407232924603,215.9440531235358,204.08686135628764,233.63081738854936,214.7977948379588,202.77637072516427,232.43657570232384,213.8544135503537,201.62144784404427,225.5601476323376,205.7326727467564,192.9682818779793,0.0,183.05032720643652,152.73056629833232,0.0,0.0,150.23565123720826
937,251.8107377837132,227.24657147956853,215.02316127653904,235.71936507957864,216.02193635375,204.16996050008217,233.7071483585802,214.87574651102665,202.8621144471436,232.5119779678477,213.93390242006743,201.70852178602948,225.63775177685355,205.82406042731404,193.0584483557828,0.0,183.16474726131,152.75882871195788,0.0,0.0,150.26198740604758
938,251.8976692352564,227.3369563904044,215.0927992732341,235.7979605059625,216.0997221988737,204.25318335287085,233.78343174542783,214.95359247905387,202.94796167883047,232.5873644535368,214.01325671831108,201.7956899537708,225.7153129674151,205.91546237999285,193.14859031564347,0.0,183.2777358038678,152.78707344981274,0.0,0.0,150.28824683515532
939,251.98457334003527,227.4274073169972,215.16264673440668,235.876544875461,216.1774837561498,204.33645880899567,233.8597028918612,215.03137027199185,203.03384168316228,232.6627704348276,214.09251298914944,201.8829169402896,225.7928665722927,206.00680680866904,193.238705055215,0.0,183.3892613264069,152.81529529226174,0.0,0.0,150.31455611459626
940,252.071450312054,227.5179947239593,215.23266783558108,235.95511836555528,216.2551541844648,204.4198553824001,233.9359619935376,215.10901246519725,203.11982337050287,232.7381260109964,214.17160283621868,201.97016754738263,225.87034275184385,206.09816172408264,193.3287551037117,0.0,183.49943632610984,152.84349910569432,0.0,0.0,150.34085895216612
941,252.15833537628413,227.6086491898847,215.3029312039608,236.03371615870748,216.33277162189563,204.5033019991353,234.01224427371287,215.18659166618585,203.2058360172552,232.8134664434511,214.25059789061044,202.05751104360823,225.9477768532809,206.18945544160567,193.41880802312733,0.0,183.6082296828108,152.87167970486044,0.0,0.0,150.36716831515992
942,252.24515873505453,227.69940599161416,215.3733661073437,236.11226843447628,216.41037423435083,204.5868670106742,234.08847988369743,215.2640408469105,203.29194836832625,232.8887919438033,214.3294301601831,202.14487727453704,226.02520412280245,206.28075581600632,193.50882660401427,0.0,183.7157538424136,152.89985970695048,0.0,0.0,150.39341449307568
943,252.33195560171893,227.7903002893416,215.44404100565907,236.1908103636765,216.48789552034813,204.6704793804944,234.16470403396545,215.34143258932093,203.3781244818744,232.96413765630385,214.4081712723153,202.2323353405292,226.1025549548028,206.3719912778414,193.59880880180333,0.0,183.822013621538,152.92798295212418,0.0,0.0,150.4197117678633
944,252.41872618947664,227.8812625968296,215.51488522103412,236.26934212258016,216.5654085460977,204.75420729907748,234.2409518049504,215.41870025473537,203.4643286482912,233.03943393362496,214.48675364035287,202.3198498005964,226.1798645742723,206.46322952708888,193.6887527353516,0.0,183.9270142171312,152.95610286595092,0.0,0.0,150.44601391158332
945,252.5055055882673,227.97236264435443,215.58596704734964,236.34789876022447,216.6428471356585,204.8380144650434,234.3171536283246,215.49588167699247,203.550629190864,233.11471590800747,214.56521416923144,202.4073854303222,226.2571681064512,206.5543991118264,193.7786566860556,0.0,184.03086749899364,152.98417829941775,0.0,0.0,150.47229596996124
946,252.59222426581564,228.0635310021607,215.6572158651206,236.42641071760968,216.7202495375605,204.92186482389684,234.3933445720048,215.5730147403376,203.636955614616,233.1899837871959,214.6435898333029,202.4950109043138,226.3343961782824,206.64556757863747,193.86848440074863,0.0,184.1335429353784,153.01226162920446,0.0,0.0,150.4985578225077
947,252.6789173011211,228.15480236488736,215.72869980213773,236.5049130321867,216.7976540076876,205.0058261529961,234.4695248285572,215.6500331991157,203.72337607984213,233.26527258724536,214.72181347786497,202.58265623836425,226.4115838946084,206.7366635974521,193.9583039374361,0.0,184.2351519424883,153.0403103086204,0.0,0.0,150.52481019834397
948,252.7656196393164,228.24621129354145,215.800348301038,236.5834058791702,216.87499465196385,205.08982769799968,234.54572934615663,215.72700970712617,203.8098201197552,233.3405129122292,214.7999568916539,202.6703899403364,226.4887662576272,206.82775456128712,194.04807928807355,0.0,184.3356639036368,153.0683180517588,0.0,0.0,150.5510420770238
949,252.8522620344168,228.3376882471672,215.87222932546027,236.6619241743277,216.95234440303923,205.17393707885128,234.62188881372003,215.8038783832868,203.89635573383,233.41573976470983,214.8779533222077,202.75814203158444,226.5658741290457,206.9187692657153,194.13780936269453,0.0,184.4351542812964,153.0963062250844,0.0,0.0,150.5773226971936
950,252.93887942002007,228.4292675695806,215.9443068896209,236.7403986192968,217.0296376478968,205.25808359208008,234.69803816744192,215.8806772828688,203.98294699542024,233.49098801913587,214.9558399982388,202.8459808544723,226.64294249164143,207.0097749516048,194.22749322301823,0.0,184.5336982461722,153.1242873063954,0.0,0.0,150.60356808019188
951,253.0254720075825,228.52098346356613,216.01654527402803,236.8188641191228,217.10691263506885,205.34233469999165,234.77417759748647,215.9574444916117,204.0695582191609,233.56618855613087,215.0336542121537,202.9338709210568,226.71997162518136,207.1007005426884,194.31709556926813,0.0,184.6312645983522,153.1522308345431,0.0,0.0,150.6298319907048
952,253.1120746062253,228.61276625502063,216.08901202291835,236.8973554465986,217.18420759337133,205.42661975356907,234.85034192064745,216.0341144790188,204.1562569895988,233.641376237182,215.1113296327357,203.02177696757303,226.7969964278646,207.1916131296573,194.40668485105465,0.0,184.72796310826664,153.18014412290466,0.0,0.0,150.6560619038027
953,253.1986182353008,228.70468441012864,216.16163692345208,236.97580358559955,217.26145711804543,205.5110060598126,234.92646208196223,216.11075989197047,204.242973103011,233.71655126673863,215.188938185268,203.1097669158172,226.87394795857176,207.2824417674992,194.49622598385872,0.0,184.8237621494274,153.20804972128371,0.0,0.0,150.68229701736445
954,253.2851376941678,228.7966682738285,216.2344873580053,237.05424329746256,217.3387338814468,205.5954573994221,235.00257288621503,216.1873155289564,204.3297739850236,233.79174839037768,215.2664139270902,203.19777099367016,226.9508610950864,207.37325339783663,194.58571860555733,0.0,184.91877047997428,153.23591736529107,0.0,0.0,150.70852411342423
955,253.37163319157543,228.88875150484995,216.307493187502,237.13267475419545,217.4159727058216,205.6799378110103,235.07870900913773,216.2638195750799,204.41658947497447,233.86689873930507,215.34379437860787,203.2858569598361,227.02777061460023,207.46397721037908,194.67512809689296,0.0,185.01295591615025,153.26374407221672,0.0,0.0,150.7347710335386
956,253.4581394029478,228.9809676109301,216.3807216341505,237.2111325972092,217.4932117039644,205.76451419640213,235.15480167321468,216.3403102251456,204.5034868400513,233.9420370467103,215.42111711343944,203.37395506285105,227.1046078093032,207.5546799987672,194.764523221287,0.0,185.10639108428325,153.2915983258297,0.0,0.0,150.760953112593
957,253.5445876113792,229.0732467827955,216.454102636692,237.28954806897764,217.5704889369584,205.84911623366943,235.2308855422233,216.41672256709967,204.5903959667148,234.01716351396288,215.4983165842968,203.46213289904887,227.18140743627424,207.64529109028047,194.85386954557285,0.0,185.19914802953585,153.3193885864132,0.0,0.0,150.78716865120222
958,253.63101248173035,229.16565659239032,216.5277032567732,237.36795579890068,217.6477393493703,205.93381067125145,235.3069608020431,216.4930948435641,204.677383965519,234.09231275740703,215.5754648037127,203.5503549736824,227.2582041511995,207.73587713303112,194.94316722596915,0.0,185.2911933081868,153.3471702510122,0.0,0.0,150.8133757204151
959,253.717414220721,229.2581272405144,216.60145351507188,237.4463559571512,217.72503520293023,206.01852725469587,235.38306199711965,216.5694652918416,204.76441496519163,234.16741615940887,215.6524965904537,203.63858602598555,227.33492948064665,207.82636759517925,195.03241653962667,0.0,185.38263270280413,153.37489777790006,0.0,0.0,150.83954538169112
960,253.80382736984777,229.35069167460705,216.675420315166,237.5247830531073,217.80231160743327,206.10333258163263,235.459120605336,216.64576924331004,204.8514533462125,234.2425083238904,215.7294496980973,203.7268932385179,227.4116180605833,207.91682897983475,195.12158368915303,0.0,185.47343191450668,153.40263182011927,0.0,0.0,150.8657351379859
961,253.8901834753256,229.44338268899628,216.7495337620604,237.60316858777333,217.879606383944,206.18815646890664,235.5351711596113,216.7220791677084,204.9385658133034,234.31762372663096,215.8063619154789,203.8152071019168,227.4883044258753,208.00719089973416,195.21073763438216,0.0,185.56366052946933,153.4303268235114,0.0,0.0,150.89194422463737
962,253.97651706772456,229.53613032972063,216.8238606015942,237.6815470583756,217.95695726845577,206.27306536304164,235.61121384320248,216.79833064518024,205.0256825596961,234.39269402456372,215.8831684146607,203.9035946394619,227.56492033727764,208.09751971444564,195.2998447205269,0.0,185.6533873762153,153.45799087046174,0.0,0.0,150.918116334182
963,254.0628283524403,229.6289671546195,216.8983310280963,237.75991863367528,218.03429939621336,206.3579891562921,235.6872830693523,216.87456184969952,205.11287013641464,234.4677536811344,215.95994121916337,203.99198637723936,227.64150030964936,208.18774518545573,195.3889056616261,0.0,185.74257648960028,153.48562810469858,0.0,0.0,150.9442779669993
964,254.1491517357754,229.7219255710104,216.97301163091623,237.8383176908069,218.11167036838475,206.4429941454679,235.7633105715633,216.95081091653944,205.2000587969515,234.54280289409448,216.0366158308776,204.08044918005405,227.7180446120756,208.27793353006976,195.47788721378816,0.0,185.83129531679867,153.51327500034697,0.0,0.0,150.97039567533895
965,254.2354190276403,229.8149354815309,217.04783269639373,237.91667598883907,218.1891076792768,206.52801030207667,235.83933075148212,217.02701358434763,205.287314939664,234.6178760109868,216.1132301492026,204.1689136134981,227.7945876748248,208.3680146612864,195.56685847334683,0.0,185.9196104571316,153.5408567267837,0.0,0.0,150.99650378094634
966,254.32166462402708,229.90806310128667,217.1228606590533,237.9950278937614,218.26654643095029,206.6131037737379,235.9153437900656,217.1032419797966,205.3745688822417,234.69290493792607,216.1898220868733,204.25744638497383,227.87106145704303,208.4580546567716,195.6557863027064,0.0,186.007484079618,153.56842845070796,0.0,0.0,151.02261384344808
967,254.4078887282917,230.00123836171224,217.19802590118792,238.0734076415192,218.34405795370915,206.69823853296643,235.9913839699112,217.1794320281889,205.46188687036508,234.76792401013057,216.26632743938063,204.34601202775548,227.94750036979983,208.5479835842989,195.7446717819632,0.0,186.0949812708068,154.16755748852157,0.0,0.0,151.0486895698544
968,254.4941256131921,230.09449314540183,217.27339470320595,238.15174726928493,218.42157740756969,206.78337882453224,236.0673832787064,217.25562167515312,205.5491992904776,234.84293342300867,216.34281813475383,204.4345753203493,228.0239387234436,208.63786738355944,195.8334821566997,0.0,186.18213178357337,154.9012914762932,0.0,0.0,151.0747681068442
969,254.58030735078577,230.18785919696992,217.3488975472656,238.2300810022864,218.4991418335487,206.86859040368608,236.14337598713632,217.33184879374016,205.63657223738304,234.91796739505983,216.4192302525284,204.52320256529453,228.1003087111501,208.72763628129812,195.92228657523177,0.0,186.2689989934344,155.6344940153493,0.0,0.0,151.1008239528144
970,254.6664682029235,230.28126634137703,217.4246005612393,238.30840900506948,218.5767881319736,206.9538036258452,236.2193962374916,217.40804936776536,205.7239361687973,234.99295808251296,216.4956017216928,204.61182461517072,228.1766446239075,208.81735608080345,196.01105235142188,0.0,186.3555422120364,156.36850643269406,0.0,0.0,151.12689550345308
971,254.75264229980087,230.3747461246232,217.50043433112324,238.38676538232505,218.65445133191355,207.0390841009294,236.2953762928075,217.48429501246352,205.8113570298188,235.06793969156223,216.57197045712232,204.7005076188649,228.2529806507956,208.90695717092493,196.09978086080648,0.0,186.4418231674416,157.10202477547674,0.0,0.0,151.15295679322116
972,254.83876199425305,230.4683299639228,217.57646483290355,238.46508242863683,218.73220191919188,207.1243622748765,236.3713502827454,217.56052182854944,205.89879910233967,235.1429124151377,216.64827275368967,204.7891824813361,228.3292492198268,208.99650522125256,196.188439770984,0.0,186.5279025879091,157.83626472046052,0.0,0.0,151.17901953583424
973,254.92486140546097,230.5619476128721,217.65262275990744,238.5433942369796,218.80997491682325,207.20970361266987,236.44731838563817,217.63676735999897,205.98622693540105,235.21791034306088,216.7245803107987,204.877915198712,228.40548450149765,209.0859307874789,196.27709820030643,0.0,186.61373760418505,158.56878414546748,0.0,0.0,151.20507325043184
974,255.0109407338641,230.6556640776164,217.72897393880191,238.62170097112977,218.8878066437976,207.2950386553468,236.5233146129587,217.71306904194424,206.0737060797662,235.2928658810869,216.8008296509865,204.96663673328263,228.4816867569236,209.1752656962136,196.36572384819425,0.0,186.69938722995727,159.30332754762205,0.0,0.0,151.23111560432253
975,255.09703397551343,230.74940919916432,217.80544917384464,238.70003660367792,218.9657332467144,207.380432723156,236.59927148065825,217.7893629278769,206.1611673591169,235.36781310682352,216.87705858944017,205.05541292829915,228.5578900716584,209.26454180440865,196.4543183147151,0.0,186.7848753657072,159.5430152211527,0.0,0.0,151.2571450291448
976,255.18307374437023,230.84321398686285,217.88211414382172,238.77833368610857,219.0436895276997,207.46581645555824,236.67522298918635,217.8656862681869,206.2486761771992,235.4427859729456,216.9533048947146,205.1441748074661,228.63402707255932,209.35368975450265,196.5428496259176,0.0,186.8702250377584,159.7404293874709,0.0,0.0,151.28316362606515
977,255.26909402657355,230.93710934419832,217.958899766832,238.85662618004,219.1217113361088,207.55125502951657,236.75116931375703,217.94207618146464,206.33616344123604,235.51771715462672,217.0295052129649,205.232988063365,228.71013182665308,209.44277506033097,196.6313867879608,0.0,186.9554924618008,159.9387316946993,0.0,0.0,151.30918443825226
978,255.3550950193797,231.03102511165784,218.03587157613072,238.93491424748115,219.1998343322348,207.63667918607345,236.8271443360137,218.0184686106333,206.4236944083981,235.59264059232427,217.1056972466916,205.3218173327288,228.7862382987754,209.53172854144609,196.71989782420692,0.0,187.0406307649362,160.13710431694108,0.0,0.0,151.3351931134531
979,255.44111058626933,231.124992070786,218.1129606086188,239.01323173028047,219.27799305206835,207.722153960334,236.9030808246505,218.0949340448588,206.51120007379723,235.6675564738512,217.18191863095893,205.410627510676,228.8622793505822,209.6206155855276,196.808350945868,0.0,187.12569439977463,160.33553010521445,0.0,0.0,151.3611919557855
980,255.5270736016168,231.21904091350297,218.1902322522264,239.0915114353365,219.35625639126897,207.8076101977541,236.9790126501608,218.17140843125827,206.59874554938125,235.7424986229973,217.25810607416744,205.4994838952287,228.93828892912543,209.709367192999,196.89681511088315,0.0,187.2107028649696,160.53399463032554,0.0,0.0,151.38717637623031
981,255.61301791789663,231.3131015309195,218.2676176663624,239.16978719408613,219.4345587985431,207.8931127927017,237.05493998531443,218.24792833197864,206.68626192063465,235.8173999644976,217.33433063947223,205.5883178476363,229.01430087927008,209.79804862827163,196.98525850267785,0.0,187.2957086447898,160.73285276898417,0.0,0.0,151.41314901651558
982,255.69894373076264,231.40720452788972,218.3451820969143,239.24805916601204,219.5129351888296,207.9785926986135,237.1308965824708,218.32453014228795,206.77381415514387,235.8922943096288,217.41052915488183,205.67719451790865,229.09024829645656,209.88659107732167,197.07368295267904,0.0,187.38066173324,160.9316446806004,0.0,0.0,151.43911013722263
983,255.7848847703841,231.5013804366509,218.42285682905165,239.32636106218183,219.59142026755976,208.06411467032612,237.20681546162407,218.4011495974868,206.86133343267804,235.96718184399504,217.48673893717972,205.76604534071063,229.16616500782249,209.97505968500155,197.1620569272063,0.0,187.465612866355,161.13040448273338,0.0,0.0,151.46508486856956
984,255.8707741706773,231.5955592542497,218.5007069682548,239.4046259452452,219.6699481588745,208.1496097720772,237.28273036458725,218.4778228010693,206.9488845770064,236.042096263808,217.56299719801527,205.85493531906457,229.242051268246,210.0633858265057,197.25044914103003,0.0,187.55057803480844,161.3291462592375,0.0,0.0,151.49103611762024
985,255.95664565129005,231.68980486906813,218.57866392985005,239.48288751592807,219.74855320926417,208.2351426202908,237.3586414610388,218.55458566933555,207.036398865613,236.11697074090543,217.639240721456,205.94379596421408,229.3179408185848,210.1516345300285,197.3388280008922,0.0,187.6355723671005,161.52805977938814,0.0,0.0,151.51699890516312
986,256.04249940580326,231.7840474913502,218.6567926813038,239.5611459314929,219.8272695469979,208.3206443939797,237.4345823736409,218.6313736732287,207.1239409800099,236.1918389595404,217.7155398967933,206.0326921331107,229.39376695451773,210.2397373654412,197.42716208528088,0.0,187.7206101367071,161.7267685195925,0.0,0.0,151.5429614020531
987,256.12836903156705,231.8783174971287,218.73502477184263,239.6394347730401,219.9060309515949,208.40617957186413,237.51048637516928,218.7082557400135,207.2114422981876,236.2667011023796,217.79183155454405,206.12155541754245,229.469563399594,210.3277592469441,197.51551996858004,0.0,187.80573839917545,161.92562204183008,0.0,0.0,151.56887315768927
988,256.2141879214258,231.9726452191891,218.81342503258173,239.7176873576092,219.98490447685808,208.49167945145268,237.5863870766493,218.785167247584,207.29896736010824,236.3415907380281,217.8681524436197,206.21045052902755,229.54536377510985,210.4156319444373,197.6038701492816,0.0,187.89090247664296,162.12444877311177,0.0,0.0,151.59479795021952
989,256.2999896622885,232.06696106679183,218.89192515136423,239.7959372554488,220.06382377741875,208.5772083740537,237.66228464622145,218.8621433645962,207.3864476481252,236.41644128549927,217.94453916951147,206.29930914361813,229.62110161086903,210.5033870454108,197.69221451015548,0.0,187.97614777880628,162.32325541677693,0.0,0.0,151.62069874501086
990,256.3857744457512,232.1612953854661,218.9705898251772,239.87418462228783,220.14282216206163,208.66269775934828,237.73821257706308,218.93921904681892,207.47394756167265,236.49128630156792,218.02092841248412,206.38819582802373,229.6968105104994,210.59105617406016,197.780521795008,0.0,188.0614852632205,162.52204605196786,0.0,0.0,151.6465855534269
991,256.4715757363231,232.25567849418428,219.0493508847014,239.9524629086862,220.22193271890285,208.74821181341352,237.8141043929457,219.01632933464109,207.56139869017545,236.56612596645823,218.0973565275164,206.4770423465234,229.77249072457107,210.67857124080248,197.868860223651,0.0,188.14692509064017,162.7208232593925,0.0,0.0,151.67247105191257
992,256.55732718575905,232.3500410561025,219.12827289518776,240.03070568593955,220.30108874986408,208.8336820800741,237.88999357585843,219.09350881426943,207.6488652938669,236.64099372117929,218.17385970535463,206.5659131218821,229.8481757704472,210.76599705988733,197.95719843500743,0.0,188.2324766393889,162.9196832174735,0.0,0.0,151.69834387167364
993,256.64306224799026,232.44441343775108,219.20728783431267,240.10894639457177,220.380322975672,208.9191726323852,237.9658802917206,219.17079184929608,207.7362790726084,236.71582323160504,218.25037441456027,206.6547400087003,229.92379937856293,210.8532657551369,198.04550522674555,0.0,188.3181485211244,163.11843318637182,0.0,0.0,151.7242292109683
994,256.72878111269665,232.5388259950747,219.28646013833247,240.187185187766,220.459667899019,209.00461514171727,238.04179790423828,219.24811311140613,207.82370414851093,236.79064792743603,218.32696965889733,206.7435872883268,229.9993950486773,210.9404420397779,198.13384860090176,0.0,188.4039485971028,163.3172568056042,0.0,0.0,151.75011416752116
995,256.81451711235485,232.6332096957673,219.365721935926,240.26545538611404,220.5390564836424,209.09007354896104,238.117680188238,219.32553965207225,207.91107233497576,236.8654679856742,218.40358184610216,206.8323869091876,230.0749961792485,211.02745825609884,198.2221972335444,0.0,188.4899173128405,163.5159853458872,0.0,0.0,151.775960703823
996,256.90020415555347,232.7276280193479,219.44513753743567,240.3436908153459,220.6185208791732,209.1754796566614,238.19356049676355,219.40300599743892,207.998447617068,236.94031672065435,218.480246487394,206.92120301093948,230.15053673393265,211.11437902178912,198.3105199549857,0.0,188.5759944262252,163.71478019286852,0.0,0.0,151.80177876441053
997,256.9858755651626,232.8220122711262,219.5246392268206,240.4219247854076,220.6980930243906,209.26089727475656,238.2694389928305,219.48054565500289,208.08576192543688,237.0151280443815,218.5569988981528,207.00996763965347,230.22605009349272,211.20113690262195,198.39888452251284,0.0,188.66221899120023,163.91348984548767,0.0,0.0,151.82759675331488
998,257.0715315279224,232.91639290024327,219.6042911906712,240.5001574478248,220.7777055723865,209.34625834076104,238.3453489119836,219.5581918997657,208.1730791088721,237.08993525947508,218.6337751865948,207.09874479443715,230.30156953678497,211.28779642501087,198.4872596302501,0.0,188.74859604870005,164.11225986032753,0.0,0.0,151.853414559291
999,257.1572052448565,233.01080036740709,219.68402587338767,240.57842199364973,220.85742307644009,209.43162653493525,238.42122427873744,219.63587886782048,208.260331218705,237.16477154308976,218.71061032184016,207.18746662238465,230.3770292607256,211.3742903850867,198.57561412332169,0.0,188.8351299814341,164.31101670879306,0.0,0.0,151.87926854220967
1000,257.2428308814194,233.1051663508326,219.7639073408132,240.6566525011029,220.93717811293848,209.5169339337,238.4970983179149,219.71363944104337,208.34758196829688,237.23957107485623,218.7875390635876,207.27619698256305,230.4524625271715,211.460650359394,198.66401548816697,0.0,188.9218245363305,164.50969901067643,0.0,0.0,151.90505869782487
